0 1 2 7 17
1 0 3 6 15
2 2 7
3 1
4 0 1 3 5 9 21
5 2 7 22 47
6 38 79
7 0 1 2 3 5 7 9 12 17 21 27 37 57 117
8 1 38 79 161
9 104 211
10 0 2 3 6 7 12 15 24 27 42 51 87 132 267
11 1 80 163 329
12 1 2 5 7 13 17 22 37 47 77 97 197 397
13 0 3 76 155 234 471
14 274 551
15 1 2 5 7 13 17 29 37 61 77 125 157 317 637
16 0 1 3 9 58 119 180 241 363 729
17 2 7 80 163 412 827
18 464 931
19 0 1 3 6 9 15 26 33 55 84 113 171 258 345 519
20 1 2 5 7 17 26 37 55 113 142 229 287 577
21 638
22 0 2 3 7 12 27 44 91 138 232 279 467 702
23 1 5 190 383 769
24 1 418 839
25 0 2 3 7 12 27 58 119 180 302 363 607 912
26 988
27 1 2 7 17 104 211 425 532
28 0 1 3 5 6 9 13 15 21 29 33 45 61 69 93 125 141 189 253 285 381 573 765
29
30 2 7 22 47 50 103 262 527
31 0 1 3 5 9 13 21 45 56 115 174 233 351 469 705 941
32 1 2 7 17 148 299 601 752
33
34 0 3 566
35 1 2 7 17 178 359 721 902
36 1 5 476 955
37 0 2 3 6 7 12 15 22 24 27 42 47 51 72 78 87 132 147 159 222 267 402 447 672 807
38
39 1 5 560
40 0 1 2 3 7 9 12 17 27 57 76 155 234 313 392 471 787 945
41 44 50 91 103
42 2 7 520
43 0 1 3 9 454 911
44 1 5 13 356 715
45 2 7 598
46 0 3 6 15 346 695
47 1 2 5 7 13 17 29 37 38 77 79 157 161 202 325 407 653 817
48 1 26 55 56 113 115 233
49 0 3 26 38 55 79 84 120 171 243
50 2 7 740
51 1
52 0 1 2 3 5 7 9 12 17 21 27 37 57 64 117 131 198 265 332 399 533 667 801
53
54
55 0 1 2 3 5 6 7 9 12 15 17 21 22 27 33 37 42 47 57 69 72 87 97 117 122 147 177 197 222 247 297 357 372 447 497 597 747 897 997
56 1
57 2 7 964
58 0 3
59 1
60 1 2 5 7 13 17 29 37 64 77 131 157 265 332 533 667
61 0 3
62 2 7 22 47 226 455
63 1 5 13 736
64 0 1 3 6 9 15 24 33 51 105 110 223 336 449 675
65 2 7
66
67 0 1 2 3 7 9 12 17 27 57 220 443 666 889
68 1 5
69 44 91 148 299
70 0 2 3 7 12 27 484 971
71 1 5
72 1 2 7 17 770
73 0 3 6 15 880
74
75 1 2 7 17 836
76 0 1 3 5 9 13 21 45 356 715
77 2 7 26 55 58 119 142 287 302 607
78 26 55 310 623
79 0 1 3 5 9 13 21 29 45 61 93 94 189 191 288 385 579 773
80 1 2 7 17 22 47 97 188 379 761 952
81
82 0 2 3 6 7 12 15 27 42 87 220 443 666
83 1 50 94 103 191 209 385
84 1 5
85 0 2 3 7 12 27 716
86 58 119 178 359
87 1 2 5 7 17 22 37 47 97 110 197 223 449 562 901
88 0 1 3 9 38 44 79 91 120 138 161 185 243 279 489 561
89
90 2 7 38 56 79 115 202 292 407 587
91 0 1 3 6 9 15 24 33 51 105 226 455 684 913
92 1 2 5 7 13 17 29 37 61 76 77 155 157 313 317 392 629 787
93
94 0 3 50 80 103 156 163 246 315 495
95 1 2 5 7 13 17 37 77 334 671
96 1
97 0 2 3 7 12 27 934
98
99 1
100 0 1 2 3 5 6 7 9 12 15 17 21 27 33 37 42 57 69 80 87 117 163 177 246 329 357 412 495 661 744 827 993
101
102 2 7
103 0 1 3 5 9 21
104 1
105 2 7 22 47 656
106 0 3 26 55 84 171 190 383 576
107 1 2 7 17 26 55 56 113 115 142 233 287 292 577 587
108 1 5 13
109 0 3 6 15
110 2 7
111 1 5 13 29
112 0 1 2 3 7 9 12 17 22 27 47 57 72 97 122 147 247 297 372 497 622 747
113
114
115 0 1 2 3 7 9 12 17 27 57 656
116 1 5 44 91 104 185 211 373 425 853
117 2 7
118 0 3 6 15 24 51 78 159 254 511 768
119 1 5 64 76 131 155 265 313 533 629
120 1 2 7 17
121 0 3
122 2 7
123 1
124 0 1 3 5 9 13 21 29 45 93 476 955
125 2 7
126
127 0 1 2 3 5 6 7 9 12 13 15 17 21 27 33 37 42 45 57 64 69 77 87 117 131 141 177 198 237 265 332 357 399 533 600 667 717 801
128 1
129 38 79 604
130 0 2 3 7 12 22 27 47 72 147 334 671
131 1 38 79 161 310 623
132 1 2 5 7 17 37
133 0 3
134 104 211 248 499
135 1 2 5 7 17 26 37 44 55 91 113 142 185 229 232 287 373 467 577 937
136 0 1 3 6 9 15 26 33 50 55 84 103 113 156 171 209 258 315 345 474 519 633 951
137 2 7 22 47
138 58 119 464 931
139 0 1 3 9
140 1 2 5 7 13 17 37 77 730
141
142 0 2 3 7 12 27
143 1 5 13 29 61 125 236 253 475 953
144 1
145 0 2 3 6 7 12 15 24 27 42 51 87 132 230 267 463 696
146
147 1 2 7 17 50 58 103 119 209 241 262 302 527 607
148 0 1 3 5 9 21
149 56 115 560
150 2 7
151 0 1 3 5 9 21
152 1 2 7 17
153
154 0 3 6 15
155 1 2 7 17 22 47 97 716
156 1 5 13 29 61 125 566
157 0 2 3 7 12 27
158
159 1 5 13
160 0 1 2 3 7 9 12 17 27 57
161
162 2 7 22 47
163 0 1 3 6 9 15 33 44 91 138 185 279 420 561 843
164 1 5 26 55 113 229 344 691
165 2 7 26 55 142 278 287 559
166 0 3 56 115 174 230 351 463 696
167 1 2 5 7 17 37
168 1
169 0 3
170 2 7 38 79 202 208 407 419
171 1 76 155 274 313 551
172 0 1 2 3 5 6 7 9 12 13 15 17 21 24 27 33 37 38 42 45 51 57 69 77 79 87 105 117 120 132 141 161 177 202 213 237 243 267 325 357 366 407 429 489 537 612 653 717 735 817 981
173
174
175 0 1 2 3 5 7 9 12 13 17 21 27 29 37 45 57 77 93 117 157 188 237 379 477 570 761 952
176 1 94 191 236 385 475 953
177 2 7 80 110 163 223 412 562 827
178 0 3
179 1
180 1 2 5 7 17 22 37 47 94 97 122 191 197 247 385 482 497 773 967 997
181 0 3 6 15
182 2 7 44 91 208 232 419 467
183 1 5 80 148 163 299 329 601 661
184 0 1 3 9
185 2 7
186 64 131 770
187 0 1 2 3 7 9 12 17 22 27 47 57 72 97 147 297 346 695
188 1 5 13 29
189 50 103
190 0 2 3 6 7 12 15 27 42 87
191 1 5 13
192 1 2 7 17
193 0 3 26 55 84 171 638
194 26 55 64 131 838
195 1 2 7 17
196 0 1 3 5 9 21
197 2 7
198 76 155 740
199 0 1 3 5 6 9 15 21 24 33 51 58 69 78 105 119 159 180 213 240 241 321 363 483 485 546 645 729 969
200 1 2 7 17 50 103 110 209 223 262 449 527 562
201 238 248 479 499
202 0 2 3 7 12 27
203 1
204 1 5 13
205 0 2 3 7 12 22 27 47 72 147 836
206
207 1 2 5 7 13 17 29 37 61 77 157 317 398 799
208 0 1 3 6 9 15 33 56 58 115 119 174 180 233 241 351 363 528 546 705 729
209
210 2 7 44 91 232 278 467 559
211 0 1 3 9 38 79 120 161 243 268 489 539 810
212 1 2 5 7 17 22 37 47 97 197 670
213 38 79
214 0 3
215 1 2 5 7 17 37
216 1 178 190 359 383 721 769
217 0 2 3 6 7 12 15 27 42 87
218
219 1
220 0 1 2 3 5 7 9 12 13 17 21 27 29 37 45 57 61 77 93 117 148 157 189 237 299 317 450 477 601 752 903 957
221
222 2 7 26 55 142 287 506
223 0 1 3 5 9 13 21 26 45 55 84 104 113 171 211 229 318 345 425 461 639 693 853
224 1
225 2 7 56 115 254 292 511 587
226 0 3 6 15 24 51
227 1 2 7 17
228 1 5
229 0 3 44 91 138 279 554
230 2 7 22 47
231 1 5
232 0 1 2 3 7 9 12 17 27 57
233
234
235 0 1 2 3 6 7 9 12 15 17 27 33 42 57 87 177 916
236 1 5 13
237 2 7 22 47 122 247 670
238 0 3
239 1 5 13 29
240 1 2 7 17
241 0 3 104 211 268 318 539 639 810
242 2 7 50 103 262 328 527 659
243 1
244 0 1 3 5 6 9 15 21 33 69
245 2 7
246
247 0 1 2 3 5 7 9 12 17 21 27 37 57 117
248 1
249
250 0 2 3 7 12 27 76 155 234 392 471 787
251 1 26 55 113
252 1 2 5 7 13 17 26 29 37 38 55 77 79 113 142 157 161 202 229 287 325 407 461 577 653 817 925
253 0 3 6 15 24 50 51 64 103 131 156 198 315 399 474 600 951
254 38 79
255 1 2 5 7 13 17 22 37 47 77 97 197 397 484 971
256 0 1 3 9
257 2 7 44 91 232 418 467 839
258
259 0 1 3 9
260 1 2 5 7 17 37 58 80 119 163 241 302 329 412 485 607 661 827
261 64 131
262 0 2 3 6 7 12 15 22 27 42 47 72 87 147 222 447 454 911
263 1 5
264 1
265 0 2 3 7 12 27
266 80 163
267 1 2 7 17 56 115 178 233 292 359 587 721 902
268 0 1 3 5 9 13 21 45
269 58 119
270 2 7
271 0 1 3 5 6 9 13 15 21 29 33 45 61 69 93 125 141 188 189 285 379 381 570 573 761
272 1 2 7 17
273 94 191
274 0 3
275 1 2 7 17
276 1 5 44 91 185 373 604
277 0 2 3 7 12 27 76 94 155 191 234 288 392 471 482 579 787 967
278
279 1 5
280 0 1 2 3 6 7 9 12 15 17 22 24 26 27 33 42 47 51 55 57 72 78 84 87 97 105 113 132 142 147 159 171 177 222 258 267 287 297 321 345 402 432 447 519 537 577 672 722 780 807 867 897
281 26 55
282 2 7
283 0 1 3 9
284 1 5 13 29 56 61 115 125 233 253 469 509 941
285 2 7
286 0 3
287 1 2 5 7 13 17 22 37 47 77 97 197 397 614
288 1
289 0 3 6 15
290 2 7 110 220 223 443 562
291 1 226 274 455 551 913
292 0 1 2 3 5 7 9 12 17 21 27 37 57 117
293 38 79
294
295 0 1 2 3 5 7 9 12 17 21 27 37 38 50 57 79 103 117 120 156 161 202 209 243 262 315 325 407 421 489 527 612 633 792 817 981
296 1
297 2 7
298 0 3 6 15
299 1 190 344 383 691 769
300 1 2 5 7 13 17 37 77
301 0 3
302 2 7
303 1 5 13 29
304 0 1 3 9 44 91 138 185 279 488 561 979
305 2 7 22 47 122 220 247 443 622
306 50 103
307 0 1 2 3 6 7 9 12 15 17 24 27 33 42 51 57 87 105 132 177 267 520 537
308 1 5
309 26 55
310 0 2 3 7 12 26 27 55 84 142 171 287 328 432 659 867 990
311 1 5
312 1 2 7 17 22 47 97
313 0 3 110 223 336 430 675 863
314
315 1 2 7 17
316 0 1 3 5 6 9 13 15 21 29 33 45 69 93 141 285
317 2 7
318
319 0 1 3 5 9 13 21 45
320 1 2 7 17 64 131 226 265 332 455 667 913
321 58 119
322 0 2 3 7 12 27
323 1 44 91 185
324 1 5
325 0 2 3 6 7 12 15 27 42 87
326 56 115
327 1 2 5 7 17 37
328 0 1 3 9 64 131 198 265 398 399 799 801
329 76 155
330 2 7 22 47 58 104 119 211 302 532 607
331 0 1 3 9
332 1 2 5 7 13 17 37 77
333
334 0 3 6 15 24 38 51 79 120 148 243 299 366 450 735 903
335 1 2 5 7 13 17 29 37 61 77 157 317
336 1 38 79 161
337 0 2 3 7 12 22 27 47 72 147
338 26 55
339 1 26 55 113
340 0 1 2 3 5 7 9 12 17 21 27 37 57 117
341
342 2 7
343 0 1 3 5 6 9 15 21 33 56 69 80 115 163 174 233 246 329 351 469 495 528 661 705 744 993
344 1
345 2 7
346 0 3
347 1 2 7 17
348 1 5 13 29 50 61 103 104 209 211 421 425 845 853
349 0 3 80 163 246 495 730
350 2 7
351 1 5 13 44 91 185 373 488 749 979
352 0 1 2 3 6 7 9 12 15 17 27 33 42 57 87 177
353
354
355 0 1 2 3 7 9 12 17 22 27 47 57 72 97 147 297
356 1 5 76 155 313 598 629
357 2 7
358 0 3
359 1 5 50 103 209 421 908
360 1 2 7 17
361 0 3 6 15 24 51 78 159
362 2 7 22 47 122 247
363 1
364 0 1 3 5 9 13 21 45
365 2 7
366 188 379
367 0 1 2 3 5 7 9 12 13 17 21 26 27 29 37 45 55 57 77 84 93 113 117 142 157 171 229 237 287 345 432 461 477 577 693 838 867 925
368 1 26 55 113
369
370 0 2 3 6 7 12 15 27 42 44 87 91 94 138 191 232 279 288 420 467 482 579 702 843 870 967
371 1 148 299 601 680
372 1 2 5 7 17 37
373 0 3
374 94 191
375 1 2 5 7 17 37 38 79 161 202 254 325 407 511 817
376 0 1 3 9
377 2 7 38 79 202 407
378 230 463 916
379 0 1 3 6 9 15 33
380 1 2 5 7 13 17 22 29 37 47 77 97 157 197 397 538 797
381 208 419
382 0 2 3 7 12 27 58 119 180 236 302 363 475 607 714 912
383 1 5 13
384 1
385 0 2 3 7 12 27 56 115 174 248 292 351 499 587 750 882
386
387 1 2 7 17 22 47 64 97 131 265 332 667
388 0 1 3 5 6 9 15 21 24 33 51 69 105 213
389
390 2 7
391 0 1 3 5 9 21 58 119 180 241 310 363 485 623 729 936
392 1 2 7 17
393 208 419
394 0 3
395 1 2 7 17 64 131 265 332 346 667 695
396 1 5 13 26 55 113 229 461
397 0 2 3 6 7 12 15 26 27 42 55 84 87 142 171 178 258 287 359 432 519 540 867 902
398 44 91
399 1 5 13 29 61 125 230 253 463 509 929
400 0 1 2 3 7 9 12 17 27 57
401 50 103
402 2 7 56 115 292 587 818
403 0 1 3 9 110 223 336 356 449 675 715
404 1 5
405 2 7 22 47
406 0 3 6 15
407 1 2 5 7 17 37
408 1 76 155 313
409 0 3 190 383 430 576 863
410 2 7
411 1
412 0 1 2 3 5 7 9 12 13 17 21 22 27 29 37 45 47 50 57 61 72 77 93 97 103 117 125 147 156 157 189 197 209 237 262 297 315 317 381 397 421 477 527 597 633 637 792 797 845 957
413
414
415 0 1 2 3 5 6 7 9 12 13 15 17 21 24 27 33 37 42 45 51 57 69 77 87 105 117 132 141 177 213 236 237 267 357 429 475 537 714 717 953
416 1 38 79 161
417 2 7 44 91 232 467
418 0 3 38 79 120 243
419 1
420 1 2 5 7 17 37
421 0 3
422 2 7
423 1 5
424 0 1 3 6 9 15 33
425 2 7 26 55 142 287
426 26 55 80 110 163 223
427 0 1 2 3 7 9 12 17 27 57
428 1 5 13
429
430 0 2 3 7 12 22 27 47 72 122 147 247 372 736 747
431 1 5 13 29
432 1 2 7 17 80 163 329 334 412 671 827
433 0 3 6 15
434
435 1 2 7 17 76 155 313 356 392 715 787
436 0 1 3 5 9 21
437 2 7 22 47 104 211 532
438
439 0 1 3 5 9 21
440 1 2 7 17
441
442 0 2 3 6 7 12 15 24 27 42 51 78 87 132 159 238 240 267 402 479 483 720 807
443 1 58 119 241
444 1 5 13 29 56 115 233 310 469 623 941
445 0 2 3 7 12 27 44 91 138 232 279 418 467 702 839
446 278 559
447 1 2 5 7 13 17 37 77
448 0 1 3 9 178 274 359 540 551 721 828
449
450 2 7
451 0 1 3 6 9 15 33
452 1 2 5 7 17 37 58 119 241 248 302 485 499 607
453
454 0 3 26 50 55 64 84 103 131 156 171 198 315 399
455 1 2 5 7 17 22 26 37 47 55 97 104 113 142 197 211 229 287 425 532 577 722 853
456 1
457 0 2 3 7 12 27 38 79 120 202 243 407 506 612
458
459 1 38 79 161
460 0 1 2 3 5 6 7 9 12 13 15 17 21 27 33 37 42 45 57 69 77 87 117 141 177 237 357 717 878
461 56 115
462 2 7 22 47 64 131 188 332 379 667 952
463 0 1 3 5 9 13 21 29 45 61 93 189
464 1 44 91 185
465 2 7 50 103 262 527
466 0 3
467 1 2 7 17 94 191 334 385 482 671 967
468 1 5
469 0 3 6 15 24 51
470 2 7
471 1 5 94 191 385 773 854
472 0 1 2 3 7 9 12 17 27 57
473
474
475 0 1 2 3 7 9 12 17 27 57
476 1 5 13 29 61
477 2 7
478 0 3 6 15
479 1 5 13
480 1 2 7 17 22 47 97
481 0 3
482 2 7 254 268 511 539
483 1 26 55 113
484 0 1 3 5 9 21 26 55 84 113 171 229 345 693
485 2 7 148 299 464 752 931
486
487 0 1 2 3 5 6 7 9 12 15 17 21 22 27 33 37 42 47 57 69 72 76 87 97 117 122 147 155 177 197 222 234 247 297 313 357 372 392 447 471 497 597 629 708 747 787 897 945 997
488 1
489
490 0 2 3 7 12 27
491 1 278 559 640
492 1 2 5 7 13 17 37 44 77 91 185 190 232 373 383 467 749 769 937 962
493 0 3
494
495 1 2 5 7 13 17 29 37 77 157
496 0 1 3 6 9 15 24 33 51 105
497 2 7
498 38 79
499 0 1 3 9
500 1 2 5 7 17 37 38 79 161 202 325 407 454 817 911
501
502 0 2 3 7 12 27
503 1 5 56 115 233 469
504 1 58 119 241
505 0 2 3 6 7 12 15 22 27 42 47 72 87 147 222 447
506
507 1 2 7 17 50 103 209 262 527 724
508 0 1 3 5 9 13 21 29 45 93
509 80 163
510 2 7
511 0 1 3 5 9 13 21 44 45 91 138 185 279 344 373 561 691 749
512 1 2 7 17 22 26 47 55 97 113 142 268 287 539 577 722
513 26 55 58 119 220 443
514 0 3 6 15 76 155 234 471 554 708
515 1 2 7 17 80 163 329 412 476 827 955
516 1 5 110 223 449 880 901
517 0 2 3 7 12 27
518 50 103
519 1 5
520 0 1 2 3 7 9 12 17 27 56 57 115 174 226 233 292 351 455 587 684 705 882 913
521 64 131
522 2 7 148 299 538 752
523 0 1 3 6 9 15 24 33 51 78 105 159 321
524 1 5 13
525 2 7
526 0 3
527 1 2 5 7 13 17 29 37 61 77 125 157 317 637
528 1 220 443 889 934
529 0 3 64 131 198 399
530 2 7 22 47
531 1
532 0 1 2 3 5 6 7 9 12 15 17 21 27 33 37 42 57 69 87 117 177 357
533
534
535 0 1 2 3 5 7 9 12 17 21 27 37 57 117
536 1 346 614 695
537 2 7 22 47
538 0 3
539 1 38 44 79 91 110 161 185 223 449
540 1 2 5 7 13 17 29 37 61 77 125 157 253 317 637 680
541 0 3 6 15 26 38 55 79 84 120 171 243 258 366 519 735
542 2 7 26 55 142 287
543 1 5 13
544 0 1 3 9 104 211 318 425 639 688
545 2 7
546
547 0 1 2 3 7 9 12 17 27 57
548 1 5
549 226 455
550 0 2 3 6 7 12 15 24 27 42 51 87 132 267
551 1 5
552 1 2 7 17
553 0 3
554
555 1 2 7 17 22 47 97 122 247 497
556 0 1 3 5 9 13 21 45
557 2 7 188 379 484 952 971
558 44 91
559 0 1 3 5 6 9 13 15 21 29 33 45 69 93 141 285
560 1 2 7 17 50 103 209 262 527 884
561
562 0 2 3 7 12 22 27 47 56 72 104 115 147 174 211 292 318 351 532 587 639 882
563 1
564 1 5 94 191 385 773
565 0 2 3 7 12 27 58 119 180 302 363 520 607 912
566 76 155
567 1 2 5 7 17 37
568 0 1 3 6 9 15 33 94 191 274 288 385 551 579 828 870
569
570 2 7 26 55 142 287
571 0 1 3 9 26 50 55 84 103 113 156 171 209 315 345 633
572 1 2 5 7 13 17 29 37 77 157
573 328 659
574 0 3 58 119 180 363
575 1 2 5 7 13 17 37 77
576 1
577 0 2 3 6 7 12 15 24 27 42 51 87 132 267
578 178 359
579 1 56 115 233
580 0 1 2 3 5 7 9 12 17 21 22 27 37 38 47 57 72 79 97 117 120 147 161 197 202 243 297 325 407 489 597 612 817 981
581 640 784
582 2 7 38 79 202 407
583 0 1 3 5 9 21
584 1
585 2 7
586 0 3 6 15 44 91 138 279 420 843
587 1 2 7 17 22 47 97
588 1 5 13 64 131 265 533 964
589 0 3
590 2 7
591 1 5 13 29 61
592 0 1 2 3 7 9 12 17 27 57 80 163 208 246 329 412 419 495 630 827 841 993
593 76 155
594
595 0 1 2 3 6 7 9 12 15 17 27 33 42 57 87 177
596 1 5 64 131 265 533
597 2 7
598 0 3 80 163 246 495
599 1 5 26 55 113 229
600 1 2 7 17 26 55 113 142 287 577
601 0 3
602 2 7 190 383 560 962
603 1 476 566 955
604 0 1 3 5 6 9 13 15 21 24 29 33 45 51 61 69 78 93 105 141 159 189 208 213 285 321 419 429 573 630 645 841 861
605 2 7 22 44 47 91 232 464 467 931
606
607 0 1 2 3 5 7 9 12 13 17 21 27 37 45 57 77 117 237
608 1 398 688 799
609
610 0 2 3 7 12 27
611 1 230 463 929
612 1 2 5 7 17 22 37 47 97 122 197 247 497 997
613 0 3 6 15 50 103 156 315 474 951
614
615 1 2 5 7 17 37
616 0 1 3 9
617 2 7
618
619 0 1 3 9
620 1 2 5 7 13 17 37 77
621 38 56 79 115 236 475
622 0 2 3 6 7 12 15 27 42 87
623 1 5 13 29 38 79 161 325 653 884
624 1 50 103 209
625 0 2 3 7 12 27
626 58 119
627 1 2 7 17
628 0 1 3 5 9 21 26 55 84 113 171 229 345 693
629 26 55 110 178 223 359
630 2 7 22 47
631 0 1 3 5 6 9 15 21 24 33 51 69 105 213
632 1 2 7 17 230 254 463 511 929
633 44 91
634 0 3
635 1 2 7 17 58 119 241 302 607 988
636 1 5 13 29 148 248 299 499 601
637 0 2 3 7 12 22 27 47 72 147
638 56 115
639 1 5 13
640 0 1 2 3 6 7 9 12 15 17 27 33 42 57 87 177
641 328 659
642 2 7
643 0 1 3 9
644 1 5
645 2 7 76 155 392 787
646 0 3 344 598 691
647 1 2 5 7 17 37
648 1
649 0 3 6 15
650 2 7
651 1 104 211 425
652 0 1 2 3 5 7 9 12 13 17 21 27 37 44 45 57 77 91 110 117 138 185 223 232 237 279 336 373 449 467 561 562 675 702 749 901 937
653 188 379
654 236 475
655 0 1 2 3 5 7 9 12 13 17 21 22 27 29 37 45 47 57 61 64 72 77 93 97 117 125 131 147 157 189 197 198 237 253 265 297 317 332 381 397 399 477 533 597 637 667 765 797 801 957
656 1
657 2 7 26 55 142 287
658 0 3 6 15 24 26 51 55 84 171 258 519 780 826
659 1
660 1 2 5 7 17 37
661 0 3 94 191 288 579
662 2 7 22 38 47 79 202 407 638
663 1 5 64 131 265 533
664 0 1 3 9 38 79 120 161 243 489
665 2 7 94 191 482 967
666 50 103
667 0 1 2 3 6 7 9 12 15 17 27 33 42 57 87 177
668 1 5 13 29 61 125
669 104 211
670 0 2 3 7 12 27
671 1 5 13
672 1 2 7 17 76 155 313 392 787 854
673 0 3 148 299 450 903
674
675 1 2 7 17 80 163 329 412 820 827
676 0 1 3 5 6 9 15 21 33 69
677 2 7 50 103 262 527
678 418 839
679 0 1 3 5 9 21
680 1 2 7 17 22 44 47 56 91 97 115 122 185 232 233 247 292 467 497 587 937
681 80 163
682 0 2 3 7 12 27
683 1 238 479 961
684 1 5 13
685 0 2 3 6 7 12 15 24 27 42 51 78 87 132 159 190 240 267 383 402 483 576 726 807 962
686 26 55
687 1 2 5 7 13 17 22 26 29 37 47 55 58 77 97 113 119 142 157 197 229 241 287 302 397 461 485 577 607 722 797 925 973
688 0 1 3 9
689
690 2 7
691 0 1 3 9
692 1 2 5 7 17 37
693 818 874
694 0 3 6 15
695 1 2 5 7 17 37
696 1 58 119 241
697 0 2 3 7 12 27 56 115 174 292 351 587 820 882
698
699 1 44 91 185
700 0 1 2 3 5 7 9 12 13 17 21 27 29 37 45 57 77 93 117 157 237 477
701
702 2 7
703 0 1 3 5 6 9 13 15 21 33 38 45 69 79 120 141 161 243 248 325 366 489 499 653 735 750 981
704 1 310 623
705 2 7 22 38 47 79 202 407 724
706 0 3
707 1 2 7 17
708 1 5
709 0 3
710 2 7
711 1 5
712 0 1 2 3 6 7 9 12 15 17 22 24 27 33 42 47 51 57 72 87 97 105 132 147 177 222 267 297 447 537 560 672 897
713
714
715 0 1 2 3 7 9 12 17 26 27 55 57 84 113 142 171 287 345 432 577 867 878
716 1 5 13 26 55 113 229 461
717 2 7
718 0 3
719 1 5 13 29 50 61 103 209 421 454 845 911
720 1 2 7 17
721 0 3 6 15
722 2 7 64 131 332 667
723 1
724 0 1 3 5 9 21 76 155 234 313 471 629 826 945
725 2 7 274 551 566
726
727 0 1 2 3 5 7 9 12 17 21 27 37 44 57 91 117 138 185 232 278 279 373 467 559 561 702 840 937
728 1
729 398 799
730 0 2 3 6 7 12 15 22 27 42 47 50 64 72 87 103 131 147 156 198 222 262 315 332 399 447 474 527 600 667 792 951
731 1 506 784
732 1 2 5 7 13 17 29 37 61 77 157 317
733 0 3
734
735 1 2 5 7 13 17 37 77
736 0 1 3 9 220 443 604 666 889
737 2 7 22 47 122 247 622
738
739 0 1 3 6 9 15 24 33 51 56 105 115 174 233 254 351 511 528 705 768
740 1 2 5 7 17 37
741
742 0 2 3 7 12 27 110 223 336 484 562 675 971
743 1 5
744 1 26 38 55 79 113 161 346 695
745 0 2 3 7 12 26 27 55 84 142 171 287 432 867
746 38 44 79 91 430 863
747 1 2 7 17
748 0 1 3 5 6 9 13 15 21 33 45 58 69 119 141 180 188 241 363 379 485 546 570 729 761 973
749 226 455
750 2 7
751 0 1 3 5 9 13 21 29 45 76 93 155 220 234 313 443 471 629 666 889 945
752 1 2 7 17
753 268 539
754 0 3
755 1 2 7 17 22 47 97
756 1 5 56 115 233 469
757 0 2 3 6 7 12 15 27 42 58 87 119 180 302 310 363 546 607 623 912 936
758 80 94 104 163 191 211
759 1 5 178 359 721
760 0 1 2 3 7 9 12 17 27 57
761
762 2 7 22 47 94 191 356 482 715 967
763 0 1 3 9
764 1 5 13 29 80 163 329 656 661
765 2 7 110 223 562
766 0 3 6 15 24 51 78 159
767 1 2 5 7 13 17 37 77
768 1
769 0 3 334 671 874
770 2 7
771 1
772 0 1 2 3 5 7 9 12 17 21 27 37 50 57 103 117 156 209 262 278 315 421 527 559 633 792 840
773 26 55
774 26 44 55 91 656
775 0 1 2 3 5 6 7 9 12 15 17 21 27 33 37 42 57 69 87 117 177 357
776 1 104 211 425
777 2 7
778 0 3 226 455 684
779 1
780 1 2 5 7 13 17 22 37 47 77 97 197 397
781 0 3
782 2 7
783 1 5 13 29 50 61 103 125 209 268 421 539 845
784 0 1 3 6 9 15 33
785 2 7 38 79 202 407
786 554
787 0 1 2 3 7 9 12 17 22 27 38 47 57 72 79 97 120 147 148 161 202 243 297 299 407 450 489 601 612 752 817 903
788 1 5
789 64 131
790 0 2 3 7 12 27
791 1 5
792 1 2 7 17
793 0 3 6 15 24 44 51 91 138 279 420 740 843
794 356 715
795 1 2 7 17 190 383 488 769 962 979
796 0 1 3 5 9 13 21 29 45 61 93 125 189 253 381 509 765
797 2 7 64 131 332 667
798 56 115
799 0 1 3 5 9 13 21 45
800 1 2 7 17
801
802 0 2 3 6 7 12 15 26 27 42 55 84 87 142 171 258 287 432 519 736 867
803 1 26 55 76 113 155 208 313 419 841
804 1 5 334 671 716
805 0 2 3 7 12 22 27 47 72 122 147 247 372 747
806
807 1 2 5 7 17 37
808 0 1 3 9
809 58 119
810 2 7 178 359 902
811 0 1 3 6 9 15 33
812 1 2 5 7 13 17 22 37 47 77 97 197 397
813
814 0 3
815 1 2 5 7 13 17 29 37 56 77 115 157 208 233 292 419 469 587 841 941
816 1
817 0 2 3 7 12 27
818 58 119
819 1
820 0 1 2 3 5 6 7 9 12 15 17 21 24 27 33 37 42 51 57 69 87 105 117 132 177 213 267 357 537
821 44 91
822 2 7
823 0 1 3 5 9 21
824 1 148 299 601
825 2 7 50 103 262 527
826 0 3 38 79 120 243
827 1 2 7 17
828 1 5 13 29 38 79 161 325 653
829 0 3 6 15
830 2 7 22 47 76 155 392 520 787
831 1 5 13 26 55 113 229 461
832 0 1 2 3 7 9 12 17 26 27 55 57 84 113 142 171 287 345 432 577 867
833
834 638
835 0 1 2 3 7 9 12 17 27 57
836 1 5 50 103 209 421
837 2 7 22 47
838 0 3 6 15
839 1 5
840 1 2 7 17 44 91 185 232 467 937
841 0 3 80 163 246 495
842 2 7 430 488 863 979
843 1
844 0 1 3 5 9 13 21 45 188 230 379 463 570 696 761 929
845 2 7 274 551 770
846
847 0 1 2 3 5 6 7 9 12 13 15 17 21 24 27 29 33 37 42 45 51 57 61 69 77 78 80 87 93 105 117 132 141 157 159 163 177 189 213 237 246 267 285 317 321 329 357 402 412 429 477 495 537 573 645 661 717 744 807 827 861 957 993
848 1
849
850 0 2 3 7 12 27
851 1
852 1 2 5 7 17 37
853 0 3
854
855 1 2 5 7 17 22 37 47 94 97 110 191 197 223 385 449 482 562 773 901 967
856 0 1 3 6 9 15 33 64 131 198 265 399 600 801 908
857 2 7 56 115 292 587
858 344 691
859 0 1 3 9 94 191 288 385 579
860 1 2 5 7 13 17 26 29 37 55 61 77 113 142 157 229 236 287 317 461 475 577 925 953
861 26 55
862 0 2 3 7 12 22 27 47 72 122 147 247 372 747
863 1 5 13
864 1 64 131 265
865 0 2 3 6 7 12 15 27 42 87 104 211 230 318 463 532 639 696 960
866 418 839
867 1 2 7 17 38 79 161 202 407 817
868 0 1 3 5 9 21 44 91 138 185 279 373 561
869 38 79
870 2 7 58 119 302 607
871 0 1 3 5 9 21
872 1 2 7 17
873 730
874 0 3 6 15 24 51 56 115 174 351 528 716
875 1 2 7 17
876 1 5 13
877 0 2 3 7 12 27
878 50 103 110 190 223 383
879 1 5 13 29 58 119 241 485 973
880 0 1 2 3 7 9 12 17 22 27 47 57 72 97 147 297
881
882 2 7 76 155 392 787
883 0 1 3 6 9 15 33 104 211 318 425 604 639 960
884 1 5
885 2 7 346 670 695
886 0 3
887 1 2 5 7 17 22 37 44 47 91 97 185 197 232 248 373 467 499 937
888 1
889 0 3 26 50 55 84 103 156 171 254 315 511 768
890 2 7 26 55 142 287
891 1
892 0 1 2 3 5 6 7 9 12 13 15 17 21 27 29 33 37 42 45 57 69 77 87 93 117 141 157 177 237 285 357 477 717
893 236 475
894
895 0 1 2 3 5 7 9 12 13 17 21 27 37 45 57 77 117 237
896 1
897 2 7
898 0 3
899 1
900 1 2 5 7 17 37
901 0 3 6 15 24 51
902 2 7
903 1 5
904 0 1 3 9 328 614 659 990
905 2 7 22 47
906
907 0 1 2 3 7 9 12 17 27 57
908 1 5 13 38 79 161 325 653
909 76 155
910 0 2 3 6 7 12 15 27 38 42 79 87 120 202 243 366 407 612 670 735
911 1 5 13 29 61 125 253 509
912 1 2 7 17 22 47 97
913 0 3
914 836
915 1 2 7 17 44 91 185 232 467 937
916 0 1 3 5 9 21 56 115 174 233 351 469 705
917 2 7
918 26 55
919 0 1 3 5 6 9 15 21 26 33 55 69 84 113 171 229 258 345 519 693
920 1 2 7 17
921 538
922 0 2 3 7 12 27
923 1 64 131 265
924 1 5 13 29 61 80 125 163 238 329 479 661 961
925 0 2 3 7 12 27
926
927 1 2 5 7 13 17 37 77
928 0 1 3 6 9 15 24 33 51 78 105 159 240 321 483 969
929
930 2 7 22 47 80 122 163 247 412 622 827
931 0 1 3 9 50 58 64 103 119 131 156 180 198 209 241 265 315 363 399 633 729 801
932 1 2 5 7 17 37
933 56 115
934 0 3 44 91 138 279
935 1 2 5 7 17 37
936 1
937 0 2 3 6 7 12 15 22 27 42 47 72 87 147 222 447
938 148 299
939 1 188 379 761
940 0 1 2 3 5 7 9 12 13 17 21 27 37 45 57 58 77 117 119 178 180 237 241 302 359 363 485 540 607 721 729 902 912 973
941 740
942 2 7 50 103 262 527
943 0 1 3 5 9 13 21 29 45 93
944 1
945 2 7
946 0 3 6 15
947 1 2 7 17 26 55 113 142 287 577
948 1 5 26 55 113 229
949 0 3 38 79 120 243
950 2 7
951 1 5 38 79 161 325
952 0 1 2 3 7 9 12 17 27 57 94 191 288 385 464 482 579 931 967
953
954 248 499
955 0 1 2 3 6 7 9 12 15 17 22 24 27 33 42 47 51 57 72 87 97 105 132 147 177 222 267 297 447 537 672 897
956 1 5 13 29 94 191 385 773 880
957 2 7 454 598 911
958 0 3
959 1 5 13 220 443 770 889
960 1 2 7 17
961 0 3 76 155 234 471
962 2 7 22 44 47 91 232 467
963 1
964 0 1 3 5 6 9 15 21 33 69
965 2 7
966 506
967 0 1 2 3 5 7 9 12 17 21 27 37 57 117
968 1 110 223 449
969
970 0 2 3 7 12 27
971 1
972 1 2 5 7 13 17 37 77 104 211 328 425 532 659 853
973 0 3 6 15
974 220 443
975 1 2 5 7 13 17 29 37 56 61 77 115 148 157 233 292 299 317 469 587 601 752 941
976 0 1 3 9 26 55 84 113 171 345
977 2 7 26 55 142 287
978 226 455
979 0 1 3 9
980 1 2 5 7 17 22 37 47 97 197
981 44 91
982 0 2 3 6 7 12 15 24 27 42 51 87 132 267
983 1 5
984 1 50 103 209
985 0 2 3 7 12 27
986
987 1 2 7 17 22 47 97 122 247 497
988 0 1 3 5 9 13 21 29 45 61 76 93 155 189 190 234 313 383 471 576 629 769 945
989
990 2 7 38 64 79 104 131 202 211 332 407 532 667
991 0 1 3 5 6 9 13 15 21 33 45 69 110 141 178 223 336 359 449 540 675 721 901
992 1 2 7 17 38 56 58 79 115 119 161 202 233 241 292 302 407 587 607 817
993 344 691
994 0 3 476 955
995 1 2 7 17 50 103 209 262 527
996 1 5 254 511
997 0 2 3 7 12 27
998 64 131
999 1 5
