0 1 5 13
1 4 11
2 0 3
3 1 5
4 1 4 11 25
5 0 3 6 15 24 51
6 40 83
7 1 28 59 121
8 0 1 3 4 5 9 11 18 21 25 39 53 81 165
9 106 215
10 134 271
11 0 1 3 4 5 9 11 13 18 21 25 39 45 53 81 109 165 333
12 1 98 199 401
13 236 475
14 0 3 6 15 28 59 90 183 276 555
15 1 4 11 20 25 43 89 158 319 641
16 1 5 13 20 29 43 89 181 365 733
17 0 3 136 275 414 831
18 4 11 64 131 466 935
19 1 5 128 259 521
20 0 1 3 9 94 191 288 385 579
21 640
22 4 11 98 199 704
23 0 1 3 6 9 15 33 40 83 126 169 255 384 513 771
24 1 5 208 419 841
25 4 11 128 259 914
26 0 3 328 659 990
27 1 5 13 29 64 131 265 533
28 1 574
29 0 3 4 11 18 39 56 115 174 351 410 823
30
31 1 706
32 0 1 3 4 5 6 9 11 13 15 18 21 24 25 33 39 45 51 53 60 69 81 105 109 123 141 165 186 213 249 333 375 429 501 753
33
34
35 0 1 3 5 9 21 148 299 450 601 903
36 1 4 11 25 134 271 545 956
37
38 0 3 20 28 43 59 66 90 135 183 710
39 1 4 11 20 25 43 46 89 95 158 193 319 641
40 1 5 590
41 0 3 6 15 274 551 828
42
43 1 4 5 11 13 25 46 53 95 109 193 340 389 683 781
44 0 1 3 9 476 955
45 28 59 94 191
46 4 11 446 895
47 0 1 3 9 544
48 1 5 13 29 61 104 211 425 853
49 40 80 83 163
50 0 3 4 6 11 15 18 39 56 60 115 123 174 351 410 528 823
51 1 5 964
52 1
53 0 3 4 11 18 39 196 395 594
54
55 1
56 0 1 3 5 9 21 386 775
57 4 11 688
58
59 0 1 3 5 6 9 13 15 21 24 29 33 45 51 61 69 78 93 105 125 141 159 189 213 285 321 381 429 573 645 861
60 1 4 11 25 380 763
61 20 43 238 479
62 0 3 20 43 66 80 135 163 246 495
63 1
64 1 4 5 11 13 25 53 106 109 215 433 760 869
65 0 3
66 40 83 148 299
67 1 4 5 11 25 53 236 475 953
68 0 1 3 6 9 15 33 380 763
69 28 59 226 455
70
71 0 1 3 4 9 11 18 25 39 81 176 355 534 713
72 1 5
73
74 0 3 4 11 18 39 386 775
75 1 5 13
76 1 28 59 121 136 275 553
77 0 3 6 15 980
78 4 11
79 1
80 0 1 3 5 9 13 21 29 45 93 196 395 594 793
81 4 11
82
83 0 1 3 5 9 21 854
84 1 20 43 89 226 455 913
85 4 11 20 43 64 131 158 319 466 935
86 0 3 6 15 24 51 406 815
87 1
88 1 4 5 11 25 46 53 56 95 115 193 233 389 410 469 823
89 0 3
90
91 1 5 13 29 770
92 0 1 3 4 9 11 18 25 39 40 46 81 83 95 126 144 169 193 255 291 298 513 585 599 900
93
94 64 131 194 391
95 0 1 3 4 6 9 11 15 18 25 33 39 60 81 104 123 211 249 318 425 639 746 960
96 1 5 13
97
98 0 3
99 1 4 5 11 25 53 520
100 1 28 59 121 238 479 961
101 0 3
102 4 11
103 1
104 0 1 3 5 6 9 15 21 33 69 446 895
105
106 4 11
107 0 1 3 5 9 13 20 21 28 43 45 59 66 89 90 121 135 181 183 245 273 365 369 493 549 710 741
108 1 20 43 89 376 755
109 4 11 40 56 83 115 298 410 599 823
110 0 3
111 1
112 1 5 13 29 61 125 290 583
113 0 3 4 6 11 15 18 24 39 51 60 98 123 186 199 300 375 603 704 906
114
115 1 5
116 0 1 3 4 9 11 18 25 39 81 476 955
117 94 191 208 419
118 106 188 215 379
119 0 1 3 9
120 1 4 5 11 25 53 766
121
122 0 3 6 15
123 1 4 5 11 13 25 29 53 61 98 109 199 221 401 445 704 805
124 1
125 0 3
126
127 1 4 11 25
128 0 1 3 5 9 13 21 45
129
130 4 11 20 43 154 158 311 319
131 0 1 3 5 6 9 15 20 21 28 33 43 59 66 69 89 90 121 135 181 183 204 245 273 276 369 411 549 555 710 741 825
132 1 80 154 163 311 329 625
133
134 0 3 4 11 18 39
135 1 40 83 169 314 631
136 1 5
137 0 3 4 11 18 39 46 95 144 188 291 379 570
138 28 59 916
139 1 5 13
140 0 1 3 6 9 15 24 33 51 78 105 159 178 321 359 540 721
141 4 11 46 95 604
142 94 191 308 619
143 0 1 3 9
144 1 4 5 11 13 25 29 53 109 221 274 551
145 80 163 376 755
146 0 3
147 1 5 56 115 134 233 271 469 545
148 1 4 11 25
149 0 3 6 15
150 128 254 259 511
151 1 4 11 25
152 0 1 3 5 9 21 40 64 83 126 131 169 198 255 265 341 399 513 533 801
153 20 43
154 20 43
155 0 1 3 4 5 9 11 13 18 21 25 29 39 45 53 81 93 104 109 165 211 221 318 333 425 639 669 746 853
156 1 128 136 259 275 521 553
157
158 0 3 4 6 11 15 18 39 60 123 590
159 1
160 1 5 13
161 0 3 64 131 190 198 383 399 576
162 4 11 28 59 178 214 359 431
163 1 5
164 0 1 3 9
165 4 11
166
167 0 1 3 6 9 15 24 33 51 105 770
168 1 5 56 115 176 233 355 469 713
169 4 11 28 59 194 214 391 431
170 0 3
171 1 5 13
172 1 4 11 25
173 0 3 106 134 215 271 324 408 651 819
174
175 1
176 0 1 3 4 5 6 9 11 13 15 18 20 21 25 29 33 39 43 45 53 60 61 66 69 81 89 93 109 123 135 141 158 165 181 189 204 221 249 273 285 319 333 365 411 445 480 501 549 573 641 669 733 825 963
177 20 43
178 40 83
179 0 1 3 4 5 9 11 18 21 25 39 53 81 165 568
180 1
181
182 0 3
183 1 4 11 25
184 1 5
185 0 3 6 15
186 4 11 46 95 148 299 340 683
187 1 5 13 29 61 125 253 406 815
188 0 1 3 9
189
190 4 11 46 95
191 0 1 3 9
192 1 5 13
193 4 11 28 59 214 254 431 511
194 0 3 6 15 24 51
195 1 5 40 83 169 328 341 659
196 1
197 0 3 4 11 18 39
198
199 1 20 43 89
200 0 1 3 4 5 9 11 18 20 21 25 28 39 43 53 59 66 81 89 90 121 135 158 165 181 183 214 245 273 319 369 431 480 549 641 648 710 741 865 963
201
202 104 211 568
203 0 1 3 5 6 9 13 15 21 33 45 69 141 854
204 1 4 11 25
205
206 0 3 56 115 174 351 356 715
207 1 4 11 25
208 1 5 13 29
209 0 3
210
211 1 4 5 11 25 53
212 0 1 3 6 9 15 33
213
214 4 11 94 98 191 199 676 704
215 0 1 3 9 80 136 163 246 275 329 414 495 553 831 993
216 1 5
217 148 299 464 931
218 0 3 4 11 18 39
219 1 5 13 29 64 131 265 533
220 1
221 0 3 4 6 11 15 18 24 39 40 51 60 78 83 123 126 159 186 240 255 298 375 384 483 564 599 771 900
222 20 43
223 1 20 43 89
224 0 1 3 5 9 13 21 28 45 59 90 98 121 183 199 245 300 369 401 493 603 741 805
225 4 11
226
227 0 1 3 5 9 21 56 106 115 174 215 233 324 351 433 469 651 705 869
228 1 4 11 25 64 80 131 163 265 329 466 578 935
229
230 0 3 6 15
231 1 28 59 121
232 1 4 5 11 25 53
233 0 3
234
235 1 4 5 11 13 25 46 53 95 109 193 208 389 419 781 841
236 0 1 3 9
237
238 40 83
239 0 1 3 4 6 9 11 15 18 25 33 39 46 60 81 94 95 123 144 191 193 249 288 291 385 438 579 585 676 870 879
240 1 5 13 29 61 125 253 334 509 671
241
242 0 3 4 11 18 39
243 1 5
244 1
245 0 3 20 43 66 135
246 4 11 20 43 158 319 560
247 1
248 0 1 3 5 6 9 15 21 24 33 51 69 105 213 850
249 4 11
250 176 355 520
251 0 1 3 5 9 13 21 29 45 61 93 189 980
252 1 196 236 395 475 793 953
253 4 11
254 0 3
255 1 28 59 121
256 1 4 5 11 13 25 53 109
257 0 3 6 15
258
259 1 5
260 0 1 3 4 9 11 18 25 39 81
261
262 28 59 104 211 958
263 0 1 3 4 9 11 18 25 39 81
264 1 5 40 83 169 341 604
265 56 115
266 0 3 6 15
267 1 4 5 11 13 25 53 109
268 1 20 43 89
269 0 3 20 43 66 135
270 4 11
271 1
272 0 1 3 5 9 13 21 29 45 93
273 308 356 619 715
274 4 11
275 0 1 3 5 6 9 15 21 24 33 51 69 105 213
276 1
277 4 11
278 0 3
279 1 196 290 395 583 793
280 1 5
281 0 3 4 11 18 39 40 83 126 128 255 259 298 390 599 783 900 914
282 106 215
283 1 5 13 29
284 0 1 3 4 6 9 11 15 18 25 33 39 46 60 81 95 123 134 144 193 249 271 291 408 438 545 585 819 879 956
285
286 28 56 59 64 115 131
287 0 1 3 9 128 154 259 311 390 468 521 625 783 939
288 1 4 5 11 13 25 46 53 95 109 193 314 389 631 781
289 154 311 794
290 0 3
291 1 4 5 11 20 25 43 53 89 158 181 194 319 391 641 785
292 1 20 43 89
293 0 3 6 15 28 59 90 183 276 458 555 919
294
295 1 4 11 25 64 131 136 265 275 466 553 935 970
296 0 1 3 5 9 21
297
298 4 11 80 163 226 455 578
299 0 1 3 5 9 13 21 45
300 1
301
302 0 3 4 6 11 15 18 24 39 51 60 78 123 159 186 238 375 479 564 720
303 1
304 1 5 13 29 61
305 0 3 4 11 18 39
306 236 475 584
307 1 5 40 83 169 341 818
308 0 1 3 9
309 4 11 104 188 211 379 746
310 134 271
311 0 1 3 6 9 15 33 80 94 163 191 246 288 329 385 495 579 744 870 993
312 1 4 5 11 25 53
313 226 455 638
314 0 3 20 43 66 135
315 1 5 13 20 29 43 61 89 98 125 181 199 365 401 733 805
316 1 4 11 25
317 0 3 28 59 90 183
318 274 544 551
319 1 4 11 25
320 0 1 3 5 6 9 13 15 21 33 45 69 141
321 178 359 850
322 334 458 671 919
323 0 1 3 4 5 9 11 18 21 25 39 53 81 165
324 1 28 40 56 59 83 115 121 169 233
325 98 199
326 0 3 4 11 18 39
327 1
328 1 5 188 208 379 419 761 841
329 0 3 6 15 24 51
330 4 11
331 1 5 13
332 0 1 3 9
333 4 11 46 95
334
335 0 1 3 9
336 1 5 13 29 94 106 191 215 385 433 773 869
337 4 11 20 43 46 95 148 158 299 319
338 0 3 6 15 20 43 66 135 204 411 824
339 1 5
340 1 4 11 25
341 0 3 238 479 720
342
343 1 178 359 484 721 971
344 0 1 3 4 5 9 11 18 21 25 39 53 81 165
345 56 115
346
347 0 1 3 4 5 6 9 11 13 15 18 21 25 29 33 39 45 53 60 69 81 93 109 123 141 165 176 221 249 285 333 355 501 534 669 713
348 1 28 59 121
349
350 0 3 40 83 126 255
351 1 4 11 25
352 1 5 13
353 0 3 64 131 198 399 926
354 4 11 136 190 275 383 970
355 1 5 28 59 121 245
356 0 1 3 6 9 15 24 33 51 105
357 328 574 659
358 4 11
359 0 1 3 9
360 1 5 20 43 89 181
361 4 11 20 43 158 319
362 0 3 64 131 198 399 974
363 1 5 13
364 1
365 0 3 4 6 11 15 18 39 60 123
366 194 391
367 1 40 83 169
368 0 1 3 4 5 9 11 13 18 21 25 29 39 45 53 61 81 93 109 125 148 165 189 221 299 333 381 445 450 601 669 893 903
369 104 211
370
371 0 1 3 5 9 21
372 1 4 11 25
373
374 0 3 6 15
375 1 4 11 25
376 1 5
377 0 3
378
379 1 4 5 11 13 25 28 29 53 59 61 109 121 214 221 245 431 445 493 865 958 989
380 0 1 3 9
381 80 163
382 4 11 46 95
383 0 1 3 6 9 15 20 24 33 43 51 56 66 78 89 105 115 135 159 174 204 233 273 321 351 411 528 618 705 825
384 1 5 13 20 43 89 181 365
385
386 0 3 4 11 18 28 39 46 59 90 95 144 183 214 291 340 431 648 683
387 1 5
388 1
389 0 3 4 11 18 39
390
391 1 106 215 433
392 0 1 3 5 6 9 15 21 33 69
393 4 11 40 83 298 599 766
394 80 163
395 0 1 3 5 9 13 21 45
396 1 4 11 25
397
398 0 3
399 1
400 1 4 5 11 13 25 29 53 109 221
401 0 3 6 15
402
403 1 4 5 11 25 53
404 0 1 3 9 56 115 174 233 351 688 705
405 290 583 836
406 20 43 464 526 931
407 0 1 3 4 9 11 18 20 25 39 43 66 81 89 135 158 254 273 319 480 511 641 768 963
408 1 5 94 191 385 640 773
409
410 0 3 4 6 11 15 18 24 28 39 40 51 59 60 83 90 123 126 183 186 214 255 276 298 375 384 431 555 599 648 771 834 900
411 1 5 13 29
412 1 128 259 521 968
413 0 3
414 4 11
415 1
416 0 1 3 5 9 13 21 45 98 104 199 211 300 318 401 425 603 639 805 853
417 4 11 28 59 214 431
418 128 259
419 0 1 3 5 6 9 15 21 33 69
420 1 64 131 265
421 4 11 134 271 274 551 956
422 0 3
423 1
424 1 4 5 11 25 53
425 0 3
426 98 199
427 1 5 13
428 0 1 3 4 6 9 11 15 18 25 33 39 60 81 123 249
429 20 43 64 131 176 355
430 20 43
431 0 1 3 4 9 11 18 25 39 46 81 95 144 193 291 585 944
432 1 5 13 29 61
433 94 191
434 0 3 136 275 414 674 831
435 1 4 5 11 25 46 53 95 193 389
436 1 40 83 169
437 0 3 6 15 24 51
438 4 11
439 1
440 0 1 3 5 9 21
441 28 59
442 4 11 56 115 410 706 823
443 0 1 3 5 9 13 21 29 45 61 93 125 189 253 380 381 509 763 765
444 1 154 311 625 938
445 4 11 106 215 386 760 775
446 0 3 6 15 154 208 311 419 468 630 939
447 1 134 271 545
448 1 5 13 28 59 121 245 493
449 0 3 4 11 18 39
450 254 511
451 1 5 196 380 395 763 793
452 0 1 3 4 9 11 18 20 25 39 43 66 81 89 135 158 273 314 319 480 631 641 948 963
453 20 40 43 83 308 619 986
454
455 0 1 3 6 9 15 33
456 1 4 5 11 25 53
457
458 0 3
459 1 4 5 11 13 25 53 109
460 1
461 0 3
462
463 1 4 11 25 56 115 233 386 410 775 823
464 0 1 3 5 6 9 13 15 21 24 29 33 45 51 69 78 80 93 105 141 159 163 213 240 246 285 321 329 429 483 495 645 661 744 861 969 993
465
466 4 11
467 0 1 3 5 9 21
468 1
469 484 674 971
470 0 3 4 11 18 39
471 1
472 1 5 28 59 121 245
473 0 3 4 6 11 15 18 39 60 123
474
475 1 5 13 20 29 43 89 181 365 733 916
476 0 1 3 9 20 43 66 89 104 135 211 273 318 425 526 639
477 4 11 80 163 578 584
478 196 395
479 0 1 3 9 28 40 59 83 90 121 126 169 183 255 369 513
480 1 4 5 11 13 25 46 53 95 109 193 389 781 878
481
482 0 3 6 15
483 1 5
484 1 4 11 25 46 95 193
485 0 3
486
487 1 4 11 25 64 131 265 376 466 755 935
488 0 1 3 5 9 21 148 194 299 391 450 588 601 785 903
489
490
491 0 1 3 4 5 6 9 11 13 15 18 21 24 25 33 39 45 51 53 60 69 81 105 109 123 141 165 186 213 236 249 333 375 429 475 501 714 753 953
492 1
493 136 275
494 0 3 4 11 18 39
495 1 406 446 815 895
496 1 5 13 29 40 61 64 83 125 131 169 253 265 341 533 685
497 0 3
498 4 11 20 43 158 319
499 1 5 20 43 89 181
500 0 1 3 6 9 15 33 106 188 215 324 379 433 570 651 761 978
501 4 11 56 115 410 823 908
502 178 359
503 0 1 3 9 28 59 90 121 183 369
504 1 5
505 4 11 94 191 560 676
506 0 3
507 1 5 13 29 61
508 1 4 11 25
509 0 3 6 15
510 28 59
511 1
512 0 1 3 4 5 9 11 13 18 21 25 39 45 53 81 109 165 333
513
514
515 0 1 3 4 5 9 11 18 21 25 39 53 81 165
516 1
517 98 199
518 0 3 6 15 24 51
519 1 4 11 25 148 188 299 379 601 761
520 1 5
521 0 3 20 43 66 135
522 4 11 20 40 43 56 83 115 158 298 319 410 599 823 986
523 1 5 13 104 211 425 476 853 955
524 0 1 3 9 178 359 376 540 721 755
525
526 4 11 176 328 355 659
527 0 1 3 6 9 15 33 98 199 226 300 401 455 603 684 906 913
528 1 5 13 29
529 4 11 46 95 340 683
530 0 3 94 191 288 579
531 1 5
532 1
533 0 3 4 11 18 39 46 95 144 291
534 28 59
535 1
536 0 1 3 4 5 6 9 11 15 18 21 25 33 39 53 60 69 81 123 165 249 501
537
538
539 0 1 3 5 9 13 21 29 40 45 83 93 126 169 208 255 341 419 513 630 685 841
540 1 4 11 25
541 28 59
542 0 3 226 455 638 684
543 1 4 11 25 128 238 259 479 521 914 961
544 1 5 13 20 43 89 181 365
545 0 3 6 15 20 24 43 51 66 78 135 159 204 236 411 475 618 714
546
547 1 4 5 11 25 53 80 163 190 329 383 578 661 769
548 0 1 3 9
549 128 259
550 4 11
551 0 1 3 9
552 1 5
553 446 895
554 0 3 4 6 11 15 18 39 60 64 106 123 131 198 215 324 399 466 600 651 760 935 978
555 1 5 13
556 1
557 0 3 4 11 18 39
558 134 271
559 1
560 0 1 3 5 9 13 21 29 45 56 61 80 93 115 163 174 189 233 246 329 351 469 495 661 705 941 993
561 4 11
562
563 0 1 3 5 6 9 15 21 33 64 69 131 194 198 265 391 399 533 588 600 785 801
564 1 4 11 25
565 28 40 59 83 356 715
566 0 3
567 1 20 43 89
568 1 4 5 11 20 25 43 53 89 158 181 319 641 748
569 0 3
570
571 1 4 5 11 13 25 29 53 61 109 125 221 445 893
572 0 1 3 6 9 15 24 28 33 51 59 90 105 121 183 276 290 369 555 583 834 876
573 136 275
574
575 0 1 3 4 9 11 18 25 39 81
576 1 5 13
577 334 671
578 0 3 4 11 18 39 46 95 144 291
579 1 5
580 1
581 0 3 6 15 56 115 174 351 528 950
582 4 11 40 46 83 95 238 298 479 599
583 1 104 211 425
584 0 1 3 5 9 21 134 271 308 408 545 619 819 930
585 4 11
586
587 0 1 3 5 9 13 21 45
588 1
589 4 11
590 0 3 6 15 20 43 66 135 204 411
591 1 20 43 89
592 1 4 5 11 13 25 29 53 109 221
593 0 3
594 544 964
595 1 5 274 476 551 955
596 0 1 3 4 9 11 18 25 28 39 59 81 90 121 183 214 369 406 431 648 815 865
597
598
599 0 1 3 4 6 9 11 15 18 24 25 33 39 51 60 81 105 123 186 249 375 753
600 1 5
601 154 311
602 0 3 94 191 288 579
603 1 4 5 11 13 25 28 29 53 59 109 121 154 214 221 245 311 431 493 625 865 989
604 1
605 0 3 314 574 631 948
606 4 11
607 1
608 0 1 3 5 6 9 13 15 21 33 40 45 69 83 126 141 169 176 255 341 355 384 513 534 685 713 771
609 106 215
610 4 11
611 0 1 3 5 9 21
612 1
613 4 11 20 43 158 319
614 0 3 20 43 66 135
615 1
616 1 5
617 0 3 4 6 11 15 18 39 60 123
618 98 199
619 1 5 13 56 115 233 469 941
620 0 1 3 4 9 11 18 25 39 81
621 64 131
622 520
623 0 1 3 9
624 1 4 5 11 13 25 29 53 61 109 125 221 445 893
625 40 83
626 0 3 6 15 24 51 78 159
627 1 4 5 11 25 28 46 53 59 94 95 121 191 193 214 245 385 389 431 676 773 865
628 1 98 199 401
629 0 3
630 64 80 104 131 163 211
631 1 4 11 25 46 95 193
632 0 1 3 5 9 21 136 275 356 414 553 715 831
633 590
634 4 11 28 59 214 431
635 0 1 3 5 6 9 13 15 21 29 33 45 61 69 93 141 189 285 573
636 1 20 43 89
637 20 43
638 0 3 4 11 18 39
639 1 148 299 601
640 1 5 13 56 115 233 469 941
641 0 3 4 11 18 39
642
643 1 5 80 163 329 661
644 0 1 3 6 9 15 33
645 4 11
646
647 0 1 3 9
648 1 4 5 11 25 53
649
650 0 3 196 395 594
651 1 5 13 40 83 169 341 685
652 1 4 11 25
653 0 3 6 15 24 51
654
655 1 4 11 25
656 0 1 3 5 9 13 21 29 45 93
657 208 419
658 28 59
659 0 1 3 4 5 9 11 18 20 21 25 39 43 53 66 81 89 135 158 165 181 273 319 334 480 549 641 671 963
660 1 20 43 89
661
662 0 3 4 6 11 15 18 39 60 123
663 1 106 215 433
664 1 5 254 511 640
665 0 3 28 59 90 183
666 4 11
667 1 5 13 29
668 0 1 3 9 40 83 126 169 255 513
669 4 11
670 148 299
671 0 1 3 6 9 15 33
672 1 5 13
673 4 11
674 0 3 128 259 390 783
675 1 5
676 1 4 11 25 46 95 193
677 0 3 196 395 594
678 56 115
679 1
680 0 1 3 4 5 6 9 11 15 18 21 24 25 33 39 46 51 53 60 69 81 95 105 123 128 144 165 186 193 213 249 259 291 375 389 390 438 501 521 585 753 783 879 914
681
682 20 43
683 0 1 3 4 5 9 11 13 18 20 21 25 39 43 45 53 66 81 89 109 135 158 165 178 181 273 319 333 359 365 480 540 549 641 721 963
684 1 464 748 931
685 194 391
686 0 3
687 1 4 11 25
688 1 5 13 29 61 64 131 265 328 533 659
689 0 3 6 15 28 59 90 183 276 555
690 4 11 104 211 746 950
691 1 5 188 379 761 934
692 0 1 3 9
693
694 4 11 40 83 298 599
695 0 1 3 9 134 271 408 545 819 878
696 1 5 28 59 121 245
697 4 11 64 131 466 935
698 0 3 6 15 274 290 551 583 828 876
699 1 5 13 29 56 61 94 115 125 191 233 253 385 469 773 941
700 1
701 0 3 4 11 18 39
702
703 1
704 0 1 3 4 5 9 11 13 18 21 25 39 45 53 81 109 165 333
705 20 43 176 178 355 359
706 20 43
707 0 1 3 5 6 9 15 21 24 33 51 69 78 105 159 213 240 254 321 483 511 645 726 768 969
708 1 4 11 25
709
710 0 3 188 379 570
711 1 4 11 25 40 83 169 298 599
712 1 5 136 275 553
713 0 3 80 163 246 495
714 836 908
715 1 4 5 11 13 25 53 109
716 0 1 3 6 9 15 33
717
718 4 11 106 215 760
719 0 1 3 9 98 199 300 401 603
720 1 5 13 28 29 59 121 245 493 989
721 134 271
722 0 3 4 11 18 39
723 1 5
724 1 94 191 385
725 0 3 4 6 11 15 18 39 46 60 95 123 144 291 438 879
726 80 163
727 1 28 59 121
728 0 1 3 5 9 20 21 43 66 89 135 181 273 549
729 4 11 20 43 46 95 98 158 199 319 340 683 704
730 236 475
731 0 1 3 5 9 13 21 29 45 93
732 1 4 11 25
733
734 0 3 6 15 24 51
735 1
736 1 4 5 11 13 25 53 109
737 0 3 40 56 83 104 115 126 174 211 255 318 351 639
738
739 1 4 5 11 25 53
740 0 1 3 9 190 383 576 706 769
741
742
743 0 1 3 4 6 9 11 15 18 25 33 39 60 81 123 249
744 1 5
745
746 0 3 4 11 18 39
747 1 5 13
748 1 604 688
749 0 3
750 4 11 208 419 568
751 1 20 28 43 59 89 121 590 710
752 0 1 3 5 6 9 13 15 20 21 29 33 43 45 61 66 69 89 93 125 135 141 181 189 204 253 273 285 365 381 411 509 549 573 733 765 825
753 4 11
754 40 83 458 919
755 0 1 3 5 9 21 64 131 198 265 399 533 801
756 1 226 455 913
757 4 11
758 0 3 28 56 59 90 115 154 174 183 311 351 468 939
759 1
760 1 4 5 11 25 53 154 194 311 391 625 785
761 0 3 6 15 24 51
762
763 1 5 13 29 61
764 0 1 3 4 9 11 18 25 39 64 81 131 198 265 308 399 466 619 801 930 935
765 824
766
767 0 1 3 4 9 11 18 25 39 81
768 1 5 13
769 314 631
770 0 3 6 15
771 1 4 5 11 25 53 136 226 275 455 553 913 970
772 1 106 215 433
773 0 3 520 568
774 4 11 20 43 46 95 158 319 794
775 1 20 43 89
776 0 1 3 5 9 21
777
778 4 11 46 95
779 0 1 3 5 6 9 13 15 21 33 45 69 141
780 1 40 83 169
781 4 11
782 0 3 28 59 90 183
783 1 458 919 994
784 1 5 13 29 236 238 475 479 953 961
785 0 3 4 11 18 39
786
787 1 5 176 355 713
788 0 1 3 4 6 9 11 15 18 24 25 33 39 51 60 78 81 105 123 159 186 249 321 375 564 753 818
789 28 59
790 148 299
791 0 1 3 9
792 1 4 5 11 25 53
793
794 0 3
795 1 4 5 11 13 25 29 53 109 221
796 1 56 80 94 115 163 191 233 329 385
797 0 3 6 15 20 40 43 66 83 104 126 135 204 211 255 318 384 411 639 771 960 986
798 20 43
799 1 4 11 25
800 0 1 3 5 9 13 21 45
801
802 4 11
803 0 1 3 5 9 21
804 1
805 128 259
806 0 3 4 6 11 15 18 39 60 123
807 1
808 1 5
809 0 3 4 11 18 39 80 163 246 495 560 578
810
811 1 5 13 128 259 521 938
812 0 1 3 9
813 4 11 28 59 214 431
814
815 0 1 3 6 9 15 24 33 51 105
816 1 4 5 11 13 25 29 53 61 109 221 445
817 56 115
818 0 3
819 1 5
820 1 4 11 20 25 28 43 59 89 98 121 158 199 214 319 401 431 641 704 710 865
821 0 3 20 43 66 94 135 148 191 288 299 450 579 903
822 64 131
823 1 4 11 25 40 46 83 95 169 193 238 298 479 599 961
824 0 1 3 5 6 9 15 21 33 69
825
826 380 763
827 0 1 3 4 5 9 11 13 18 21 25 29 39 45 46 53 61 81 93 95 106 109 125 144 165 189 193 215 221 291 324 333 381 389 433 445 585 651 669 760 781 869 893
828 1
829
830 0 3 4 11 18 39 98 199 300 484 603 704 971
831 1 64 131 265
832 1 5 13 134 271 545 944
833 0 3 6 15
834 4 11 380 386 763 775
835 1 5
836 0 1 3 9
837 4 11
838
839 0 1 3 9
840 1 5 40 83 169 341
841 4 11
842 0 3 6 15 24 51
843 1 5 13 20 43 89 181 365
844 1 4 11 20 25 28 43 59 89 104 121 158 211 214 319 425 431 641 710 746 865
845 0 3
846
847 1
848 0 1 3 4 5 9 11 13 18 21 25 29 39 45 53 81 93 109 165 221 333 669
849 196 395
850
851 0 1 3 4 5 6 9 11 15 18 21 25 28 33 39 53 59 60 69 81 90 121 123 136 165 183 214 245 249 275 276 369 414 431 501 553 555 648 741 831 865 970
852 1 386 775
853
854 0 3
855 1 4 11 25 56 115 233 410 823
856 1 5
857 0 3 328 659 990
858 4 11 134 271 956
859 1 5 13 29
860 0 1 3 6 9 15 33
861
862 4 11
863 0 1 3 9
864 1 5 13 178 359 721 770
865 4 11 290 544 583
866 0 3 20 40 43 66 83 126 135 255 376 755 986
867 1 5 20 43 89 181
868 1 208 419 841
869 0 3 4 6 11 15 18 24 39 51 60 78 123 159 186 375 564
870
871 1 604 934
872 0 1 3 4 5 9 11 18 21 25 39 46 53 81 95 144 165 193 274 291 340 389 551 585 683 828
873 464 931
874
875 0 1 3 5 9 13 21 28 45 59 90 121 183 245 369 493 741
876 1 4 11 25 46 56 95 115 193 196 233 395 410 793 823
877
878 0 3 6 15
879 1 4 11 25 80 163 329 578 994
880 1 5 13 29 61 125
881 0 3 106 215 324 651
882 28 59 188 194 379 391
883 1 4 5 11 25 40 53 83 169 298 341 599 968
884 0 1 3 9 176 355 534 713
885
886 4 11 178 359 926
887 0 1 3 6 9 15 33
888 1 5
889 20 43 64 131 766
890 0 3 4 11 18 20 39 43 66 135 158 319 480 963
891 1 5 13 29 61
892 1 80 163 329
893 0 3 4 11 18 39 94 191 288 579 584 676
894
895 1 308 619
896 0 1 3 5 6 9 13 15 21 24 33 45 51 69 105 141 213 429
897 4 11
898 64 131
899 0 1 3 5 9 21
900 1 4 11 25
901 188 379
902 0 3
903 1 376 755
904 1 4 5 11 25 53 104 211 406 425 746 815 853
905 0 3 6 15
906 28 59
907 1 4 5 11 13 25 53 109
908 0 1 3 9
909 40 83
910 136 275
911 0 1 3 4 9 11 18 25 39 81
912 1 5 13 20 29 43 89 181 365 733
913 20 28 43 59 710
914 0 3 4 6 11 15 18 39 56 60 115 123 174 334 351 410 528 671 823
915 1 5 154 311 625
916 1
917 0 3 154 311 468 939
918 4 11 94 191 676
919 1
920 0 1 3 5 9 21
921 4 11 46 95 98 199 254 511 704
922 314 631
923 0 1 3 5 6 9 13 15 21 24 29 33 45 51 69 93 105 141 213 285 429 861
924 1 356 715
925 4 11 46 95
926 0 3 40 83 126 255
927 1
928 1 4 5 11 13 25 53 109
929 0 3
930
931 1 5 98 199 401 805
932 0 1 3 4 6 9 11 15 18 25 33 39 60 81 123 249
933 190 383
934 574
935 0 1 3 4 9 11 18 20 25 39 43 56 66 81 89 115 135 158 174 233 273 319 351 410 480 526 641 705 823 963
936 1 5 20 43 89 106 128 181 215 259 433 521 869
937 28 59
938 0 3
939 1 4 5 11 13 25 53 109
940 1 770 854
941 0 3 6 15 148 299 450 903 974
942 4 11 128 259 914
943 1
944 0 1 3 5 9 13 21 28 29 45 59 61 90 93 121 183 189 245 369 446 493 741 895 989
945
946 4 11
947 0 1 3 5 9 21
948 1
949 4 11
950 0 3 6 15 24 51 78 159 240 483
951 1 104 211 425
952 1 5 40 83 169 341
953 0 3 4 11 18 39
954 638
955 1 5 13 29 61 125 253 509
956 0 1 3 4 9 11 18 25 39 64 81 131 198 265 399 466 484 801 935 971
957 194 391
958 20 43
959 0 1 3 6 9 15 20 33 43 66 89 135 204 273 411 825
960 1 4 5 11 13 25 53 109
961 208 419
962 0 3 80 163 246 495
963 1 4 5 11 25 53
964 1 254 511
965 0 3 64 131 198 399
966 176 355
967 1 4 11 25
968 0 1 3 5 6 9 15 21 28 33 59 69 90 121 183 245 276 369 555 741
969 40 83 134 236 271 475
970 4 11 46 95
971 0 1 3 5 9 13 21 45
972 1 148 299 601
973 56 115
974 0 3 4 11 18 39 46 95 144 291
975 1 28 59 80 121 163 274 329 551
976 1 5 13 29
977 0 3 4 6 11 15 18 24 39 51 60 123 186 375
978
979 1 5
980 0 1 3 9
981 4 11 20 43 158 319
982 20 43
983 0 1 3 9
984 1 4 5 11 25 53
985 226 455
986 0 3 6 15
987 1 5 13 29
988 1 4 11 25
989 0 3
990 94 106 136 191 215 275
991 1 4 11 25 290 356 583 715
992 0 1 3 5 9 13 21 45
993
994 56 115
995 0 1 3 4 5 6 9 11 15 18 21 25 33 39 40 53 60 69 81 83 123 126 134 165 169 249 255 271 298 341 384 408 501 513 545 599 771 819 900 956
996 1 334 671
997
998 0 3 4 11 18 39
999 1 28 59 121
