0 0 8 30
1 28
2 20
3 0 6
4 8
5 34
6 0 20 66
7 104
8 148
9 0 64 198
10 254
11 8 26 316
12 0 6 40 126 384
13 458
14 538
15 0 8 16 30 54 206 624
16 716
17 16 40 814
18 0 304 918
19
20 28 34
21 0 6 24 44 138 420
22 8 124
23
24 0 554
25 20 76
26 8 176
27 0 706
28 26 76
29 20 104
30 0 6 290 876
31
32 28 94
33 0 8 30 94 288
34 16 176
35
36 0 16 54 64 198
37 8 364
38
39 0 6 496
40 26 160
41
42 0 34 44 108 138
43
44 8 518
45 0
46
47
48 0 6 8 20 24 30 66 96 204 250 294 618 756
49
50
51 0 28 80 90 246
52 20 346
53 16 436
54 0
55 8 16 40 206 470 814
56
57 0 6 26 34 84 108 258 330
58 70 134
59 8 938
60 0 40 80 126 246
61
62
63 0 28 90 124 378
64 70 164
65
66 0 6 8 30 96 128 390
67
68 44 290
69 0 26 84 160 486
70 8
71 20 650
72 0 16 54 268 810
73
74 16 856
75 0 6 20 24 66 78 204 240 618 726
76 64 254
77 8
78 0
79 34 500
80
81 0 8 30 590
82 28 644
83
84 0 6
85
86 26 758
87 0
88 8 118 188
89 44 500
90 0
91 16
92 8
93 0 6 16 54 148 168 450
94 20 28 34 710 848
95
96 0
97
98 20 26 40 664 986
99 0 8 30 884
100
101
102 0 6 24
103 8 40 64 470 734
104 76 406
105 0
106
107 76 430
108 0
109 128 268
110 8 16 170 206
111 0 6
112 16
113 28
114 0 8 30 104 118 318 360
115 26 44 838
116 34
117 0 20 66 590
118
119
120 0 6
121 8 20 170 250
122
123 0
124
125 8 28 134 338
126 0
127 26
128
129 0 6 16 24 54 94 168 288 510 870
130 94 518
131 16 34 70 700
132 0 8 30
133
134 80 644
135 0
136 8 44 104 514
137 70 766
138 0 6
139
140 20
141 0 40 126 458
142
143 8 64 80 734 910
144 0 20 26 28 66 84 90 664 710 896
145
146 40
147 0 6 8 30 96 650
148 16
149 124 520
150 0 16 54
151
152
153 0 34 108 628
154 8
155
156 0 6 24 26 28 78 84 90 258 276 780 834 896
157
158 8
159 0 148 164 450 498
160
161
162 0 44 138 554
163 20
164
165 0 6 8 30 96 820
166
167 16 20 188 434
168 0 34 108 758
169 8 16 206 406
170 64
171 0
172
173 26
174 0 6
175 28
176 8
177 0
178
179
180 0 8 30
181 278 346
182 226 430
183 0 6 24 44 76 138 234 420 708
184 40
185 26
186 0 16 20 54 66 76 234 434
187 8 28 304 338
188 16
189 0 40 126 826
190 20 34 124 848
191 8
192 0 6
193
194 278 398
195 0 134 274 408 828
196
197 128 884
198 0 8 30
199
200 226 520
201 0 6
202 8 26 316 380
203 160 754
204 0 70 216 566
205 16 34 176 700
206 28
207 0 16 54
208 350 364
209 8 20 44 118 250 514
210 0 6 24 64 70 198 216 600 654
211
212
213 0 8 20 30 66 176 250 534 756
214 26
215
216 0
217 80
218 28
219 0 6
220 8
221 104
222 0
223
224 8 16 206 716
225 0
226 16 80 94
227 34 40 94
228 0 6
229
230 44
231 0 8 26 30 84 164 316 498 954
232 20 40 160 986
233
234 0
235 8 118
236 20
237 0 6 24 28 64 78 90 198 276 600 834
238
239
240 0 128 390 436
241
242 8 34 404 428
243 0 16 26 54 84 104 318 548
244 148
245 16
246 0 6 8 30 96
247
248
249 0 28 90
250
251
252 0
253 8
254
255 0 6 20 66 204 938
256 44
257 8
258 0
259 20
260 26
261 0
262 16 76 134
263 350 584
264 0 6 8 16 24 30 34 54 96 108 168 206 294 330 404 510 624 700 996
265 76
266
267 0 254 274 768 828
268 8 28 338 628
269
270 0 40 126
271
272 26
273 0 6
274
275 8 40 470 476
276 0 124 378 596
277 44 64 70
278 20
279 0 8 30 34 108 188 404 570
280 28
281 16
282 0 6 20 66 204
283 16 70 170
284
285 0
286 8
287
288 0
289 26
290 8
291 0 6 24
292
293
294 0 170 496 516
295
296
297 0 8 30
298
299 28
300 0 6 16 54 80 168 246 358 744
301 8 20 26 34 250 316 404 664 848
302 16 358 754
303 0 44 138
304 64
305 20
306 0
307
308 8
309 0 6 80 246 380 744
310 148
311 28
312 0 8 30
313 40
314
315 0
316 34
317 124
318 0 6 24 26 40 78 84 126 240 258 384 780
319 8 16 206
320
321 0 16 54
322
323 8 94 290
324 0 20 44 66 94 138 288
325 304
326 164
327 0 6
328 20 104 128
329
330 0 8 26 28 30 84 90 118 316 338 360 896 954
331 394 824
332 134
333 0 254 428 768
334 8
335
336 0 6
337
338 16 34 484 700
339 0
340 16
341 8 76 398 866
342 0 28 90
343 268
344 64 76
345 0 6 8 24 30 96 294
346
347 20 26 538 664
348 0
349
350 44 70 104
351 0 20 66
352 8
353 34
354 0 6
355
356 8 40 70 118 470 800
357 0 16 54
358 188
359 16 26 548 698
360 0
361 28 40 290
362
363 0 6 8 30 96
364 476 826
365
366 0 160 486 818
367 8
368
369 0
370 20
371 44 64 128
372 0 6 24
373 28
374 8 20 250
375 0 34 108
376 16 26 548 766
377
378 0 8 16 30 54 206 624 680
379
380 268
381 0 6
382
383 80
384 0 176 534 820
385 8
386
387 0
388 26
389 8
390 0 6 34 108 330
391
392 28 80 176
393 0 20 66
394
395 16 148 160
396 0 8 30
397 16 20 44 434 526 890
398 164
399 0 6 24 40 78 126 134 384 408
400 8
401 346
402 0
403 124
404 28 40 364
405 0 26 84
406
407 8
408 0 6
409
410
411 0 8 30 64 198 226 684 734
412 34
413
414 0 16 54
415
416 16 20 434
417 0 6 26 84 258
418 8 44 514
419
420 0 20 66 76 94 234 288
421 94
422 8
423 0 28 70 76 90 216 234
424
425
426 0 6 24
427 34
428
429 0 8 30 70 216 226 684 800
430
431
432 0
433 8 16 206
434 26
435 0 6 16 28 54 90 104 168 276 318 586 960
436
437
438 0 64 198
439 20
440 8
441 0
442 40
443 20
444 0 6 8 30 44 96 124 138 378 420 514
445
446 26 706 838
447 0 40 126
448
449 34
450 0
451 8 118
452 16
453 0 6 24
454 16 28 586
455 8
456 0 170 516
457 104
458
459 0 128 390
460
461 148
462 0 6 8 20 30 66 96 204 250 278 756 840
463 26
464 34
465 0 44 138
466 8 20 28 80 250 338 710 910
467 170
468 0
469 134
470 188
471 0 6 16 54 168
472 274
473 8 16 206
474 0 458 484
475 26 80 278
476
477 0 8 30 118 360
478 64
479 794 860
480 0 6 24 78
481
482
483 0
484 8
485 20 28 40 526 710 986
486 0 34 108
487
488 8
489 0 6 20 66 204
490 16 40 814 878
491 44
492 0 16 26 54 84 436 548
493 164
494 304
495 0 8 30
496 70
497 28
498 0 6
499 8 76 856 866
500
501 0 34 108
502 70 76 128
503
504 0 26 84
505 64
506 8
507 0 6 24
508 20
509 16
510 0 8 30
511 16
512 20 44 724
513 0 406 640
514
515
516 0 6 28 90 276
517 8 94 748
518 94
519 0
520 584
521 8 26 316
522 0
523 34 596
524 254
525 0 6
526
527
528 0 8 16 28 30 40 54 90 126 206 338 470 586 624 814
529 160
530 16 124 346
531 0 20 66
532 8
533 26 40 680
534 0 6 24
535 20
536 134
537 0
538 34 44 496
539 8
540 0 430 670
541
542 104
543 0 6 8 30 96
544 274
545 64
546 0 148 450
547 16 28 586
548
549 0 16 54 80 188 246 570
550 8 26 316
551
552 0 6
553
554 8 20 250
555 0 538 566
556
557
558 0 20 66 80 160 246 486
559 28 44 640
560 34
561 0 6 8 24 30 78 96 240 294 350 888
562 26
563 176
564 0 104 318
565 8 164 518
566 16
567 0
568 16
569 70
570 0 6
571 40 124 176
572 8 64 118 734
573 0
574
575 34 70 364
576 0 8 30 40 126 470 698
577 20
578 28 76 406
579 0 6 26 84 258
580
581 20 76 554
582 0 500 670
583 8
584 794
585 0 16 44 54 138 380 890
586
587 8 16 206
588 0 6 24
589
590 28 128 254
591 0 26 84
592 500
593
594 0 8 30
595 398
596
597 0 6 34 108 330
598 8 118
599
600 0 20 66
601
602 458
603 0
604 16 20 434
605 8
606 0 6 16 44 54 134 138 168 408 420 890
607
608 26
609 0 8 28 30 90 338
610
611
612 0 34 64 108 148 198 450
613
614 40 94 268
615 0 6 24 94 288 430 870
616 8 290 350
617
618 0
619 40
620 8 26 316
621 0 28 90
622
623 16 20 434
624 0 6
625 16
626
627 0 8 20 30 66 250 756
628
629 170
630 0
631 8
632 44 80 304
633 0 6 128 390
634 34
635
636 0
637 26
638 8
639 0 64 198
640 28 170 226
641 80
642 0 6 8 16 24 30 54 70 78 96 168 206 216 294 510 624 654 800 888
643
644 16
645 0
646 20
647
648 0 70 216
649 8 26 34 104 316 404
650 20
651 0 6 268 518 810
652 28
653 8 44 514
654 0 290 876
655
656
657 0 40 76 124 126 234 378
658 226
659
660 0 6 8 30 76 96 164 234 498 708 866
661 16 188 358
662 40
663 0 16 54 358
664 8
665
666 0 26 84
667
668
669 0 6 20 24 66 204 618
670
671 8 28 34 104 338 404
672 0 520 860
673 20 134 428
674 590
675 0 8 30
676
677
678 0 6 26 84 258
679 44 64 436
680 16
681 0
682 8 16 206
683 28
684 0
685 878
686 8 34 404
687 0 6
688
689
690 0
691
692 20 160 380
693 0 8 30 118 360
694
695 26
696 0 6 20 24 66 204 618
697 8 148 874
698 124
699 0 16 54
700 40 44 724
701 16
702 0 28 90
703
704 8
705 0 6 40 126 384
706 64
707 26
708 0 8 30 34 108 404
709
710 590
711 0 94 288
712 94
713
714 0 6 28 90 276
715 8 20 70 80 250 800 910
716
717 0
718 16
719 8 20 118 250 554
720 0 16 54
721 70 128 160
722
723 0 6 24 34 78 108 330 520 996
724 26 80 650
725
726 0 8 30 44 138 514
727
728 394
729 0 644 818
730 8
731 964
732 0 6 164 498
733 28
734
735 0 716 748
736 26 76 706
737 8 16 206
738 0 20 66
739 16 76
740 188
741 0 6 8 30 96
742 20 176 398
743 40 134 278
744 0
745 28 34
746 64
747 0 44 138
748 8 40 470
749 274
750 0 6 24 176 346 534
751
752 8
753 0 26 84
754 476
755
756 0 16 54 104 278 318 840
757
758 16
759 0 6 8 30 96
760 34
761 20
762 0
763 8 148
764 28 128 428
765 0 20 26 66 84 664 874
766
767
768 0 6
769
770 8
771 0 364
772 824
773 44 64 566
774 0 8 30
775 16
776 28 958
777 0 6 16 24 54 168 510
778 104
779
780 0
781 8 254 644
782 26 34
783 0
784 20 124 628
785 8
786 0 6 40 126 384
787
788 20 70
789 0
790
791 40
792 0 8 30
793 496
794 16 26 44 70 548 890
795 0 6 28 90 276
796 8 16 206
797 34
798 0 80 246
799
800 650
801 0 304 918
802 170
803 8
804 0 6 24 78 240 726
805
806
807 0 8 20 28 30 66 80 90 246 250 338 710 756 910
808 94
809 94
810 0 134 408
811 20 26 664
812
813 0 6 16 54 64 168 170 198 516 600
814 8 118
815 16 76
816 0
817
818 8 76 866
819 0 34 108
820 44
821 274
822 0 6
823 26
824
825 0 8 30 124 378 484
826 28 958
827 164
828 0
829 8 40 470
830 20
831 0 6 24
832 16
833
834 0 16 20 34 40 54 66 108 126 434 700 814 848 986
835
836 8
837 0
838 28
839
840 0 6 8 26 30 64 84 96 118 198 258 316 360 600 734 954
841 44
842
843 0 476
844
845
846 0
847 8 254 758
848 148
849 0 6
850 584
851 8 16 206
852 0 26 84 128 188 390 570
853 16 20 434
854
855 0 160 486
856 34
857 20 28 710
858 0 6 8 24 30 96 294
859
860
861 0 70 216
862 8
863 104
864 0
865
866
867 0 6 44 70 138 216 420 654
868
869 8 26 28 226 316 338 896
870 0 16 54
871 34
872 16 40 814
873 0 8 30
874
875 596
876 0 6 20 66 204
877 40
878
879 0 346
880 8 20 64 134 250 734
881 26 80 964
882 0
883
884 8 160
885 0 6 24 78 104 268 318 810 960
886
887 226
888 0 28 44 90 138 538
889 16
890 80
891 0 8 16 30 54 206 624
892
893 34
894 0 6 76 234 708
895 8 128
896
897 0 76 234
898 26
899 20 164 628
900 0 28 90
901
902 8
903 0 6 20 66 204
904
905 94
906 0 8 30 94 288 766
907 64
908 16 34 700
909 0 290 876
910 16 26 548
911 124
912 0 6 24
913 8
914 44 148 350
915 0 40 126
916
917 8
918 0
919 28
920 40
921 0 6 176 534
922 20 268 406
923
924 0 8 30
925
926 20 526
927 0 16 26 54 84 548
928 8
929 16 176 758
930 0 6 34 108 330
931 28 188 436
932
933 0 856
934 70
935 8 44 118 458 514
936 0
937
938
939 0 6 8 24 26 30 84 96 258 294 304 316 780 918 954
940 70
941
942 0 364
943 716
944
945 0 20 34 66 108 848
946 8 16 206
947 64 134 290
948 0 6 16 54 168
949 20
950 8 28 338
951 0
952 124
953
954 0
955
956 26 838
957 0 6 8 30 96
958 40
959
960 0 754
961 8 44 118 484 514
962 28
963 0 40 126
964 80
965 16
966 0 6 24 78
967 16 34 700
968 8 20 26 250 316 380 664
969 0 350
970 104
971
972 0 8 20 30 66 250 756
973 76 80 430
974 64
975 0 6 170 516
976 76
977
978 0
979 8
980
981 0 28 90
982 34 44
983 8 128
984 0 6 16 54 168
985 26
986 16 170 884
987 0 406
988 820
989
990 0 8 30
991 20
992 104
993 0 6 24 28 90 276 834
994 8 164
995 20
996 0 398
997 26
998
999 0 148 450
