0 0 2 3 7 12 27
1 1 4 11 25
2 1 2 7 17
3 0 3
4 4 11
5 1 2 5 7 17 37
6 0 1 3 5 6 9 15 21 33 69
7 2 7 8 19 52 107
8 4 8 11 19 74 151
9 0 1 3 9 14 31 48 65 99 201
10 1 2 7 10 17 23 49 62 127 257
11 4 11 20 43 158 319
12 0 2 3 7 10 12 23 27 36 62 75 127 192 387
13 1 5 13 26 55 113 229 461
14 1 5 13 14 29 31 65 133 269 541
15 0 2 3 4 6 7 11 12 15 18 27 32 39 42 60 67 87 102 123 207 312 627
16 16 35 358 719
17 1 2 7 17 38 79 161 202 407 817
18 0 1 3 4 8 9 11 18 19 25 30 39 41 63 74 81 129 151 228 305 459 921
19 8 19 44 91 514
20 2 7 20 22 43 47 112 227 572
21 0 1 3 5 9 21 50 103 156 209 315 421 633
22 1 2 4 5 7 11 17 22 25 32 37 47 53 67 97 137 172 197 277 347 697
23 10 23 56 115 764
24 0 3 6 15 24 28 51 59 90 183 276 555 834
25 1 2 4 7 10 11 17 23 25 32 49 62 67 88 127 137 179 257 361 452 907
26 1 14 26 31 55 65 113 490 983
27 0 2 3 7 12 27 68 139 210 352 423 707
28 28 34 59 71
29 1 4 5 8 11 13 19 25 29 41 53 74 85 109 151 173 221 305 349 613
30 0 1 2 3 5 7 8 9 12 13 17 19 21 27 30 37 41 45 52 57 63 77 85 107 117 129 162 173 217 237 261 327 437 525 657 877
31 14 31 80 163
32 2 4 7 11 32 40 67 83 212 298 427 599
33 0 1 3 6 9 15 33 86 175 264 353 531 798
34 1 20 34 43 71 89 145 848
35 2 7 16 35 92 187 358 719
36 0 3 4 10 11 18 23 36 39 46 75 88 95 144 179 270 291 543 634
37 1 2 5 7 17 37 98 199 401 502 805
38 1 5 10 23 38 49 79 101 161 325 530
39 0 3 4 11 18 39 104 211 318 639 746
40 2 7 8 19 40 52 83 107 212 427 470 943
41 1 8 19 41 110 223 449
42 0 1 2 3 6 7 9 12 15 17 26 27 33 42 55 57 84 87 113 142 171 177 258 287 345 432 519 577 867
43 4 11 14 20 31 43 116 158 235 319 388 779
44 44 58 91 119
45 0 1 2 3 5 7 9 12 13 17 21 22 27 37 45 47 57 72 77 97 117 122 147 197 237 247 297 372 397 497 597 747 997
46 1 4 5 11 13 25 29 46 53 61 95 109 125 193 221 389 445 781 893
47 2 7 22 47 128 259 652
48 0 3 14 31 48 64 99 131 198 399
49 1 10 23 49 134 271 545
50 1 2 4 7 11 17 25 32 50 67 103 137 209 262 368 527 739
51 0 3 6 8 10 15 19 23 24 30 36 51 63 75 96 114 140 195 231 283 294 348 426 591 699 855
52 2 7 8 19 52 70 107 143 362 727 800
53 1 4 5 11 25 53 146 295 593
54 0 1 3 5 9 16 21 35 54 73 111 149 225 358 453 719
55 2 7 26 28 55 59 142 152 287 307 896
56 56 76 115 155
57 0 1 2 3 4 7 9 11 12 17 18 20 25 27 32 39 43 57 66 67 81 89 102 112 135 137 158 207 227 273 319 342 417 457 480 641 687 802 963
58 1 38 58 79 119 161 241
59 28 59 164 331
60 0 2 3 4 6 7 11 12 14 15 18 27 31 32 39 42 48 60 67 82 87 99 102 116 123 150 167 207 235 252 303 312 354 507 592 627 711 762
61 1 5 13 29 61 170 343 689
62 1 2 5 7 8 10 13 17 19 23 37 41 49 52 62 77 85 101 107 127 140 173 205 217 257 283 437 517 569 712 877
63 0 3 8 19 30 63 176 355 534
64 4 10 11 23 64 88 131 179 466 868 935
65 1 2 7 14 17 31 34 65 71 82 145 167 182 337 367 626 737
66 0 1 3 9 20 43 44 66 89 91 135 138 185 273 279 561
67 2 4 7 11 32 67 188 379 952
68 68 94 139 191
69 0 1 3 5 6 9 15 21 33 69 194 391 588 785
70 1 2 5 7 17 22 37 47 70 97 143 197 289 362 581 727
71 4 11 26 34 55 71 200 256 403 515
72 0 2 3 7 12 22 27 47 72 100 147 203 306 512 615
73 1 8 16 19 35 41 73 206 358 415 719 833
74 1 4 8 11 19 25 41 50 74 103 151 209 305 368 580 739
75 0 2 3 7 10 12 23 27 36 40 62 75 83 126 127 192 212 255 387 427 556 642
76 76 106 155 215
77 1 2 5 7 10 13 14 17 23 31 37 49 62 65 77 82 101 127 133 167 205 218 257 269 337 439 517 677 881
78 0 1 3 4 5 6 9 11 13 15 18 21 24 25 29 33 39 45 51 53 60 69 78 81 93 105 109 123 141 159 165 186 213 221 249 285 321 333 375 429 501 564 645 669 753 861
79 38 79 224 451
80 2 7 20 43 80 112 163 227 412 827
81 0 1 3 4 9 11 18 25 39 81 230 463 696 929
82 1 2 7 14 17 31 56 65 82 115 167 233 292 337 587
83 40 83 236 475
84 0 3 8 19 26 30 55 63 84 118 171 239 316 360 635 723 954
85 1 2 4 5 7 8 11 17 19 25 32 37 41 46 52 53 67 74 85 95 107 137 151 193 217 242 277 305 382 389 437 487 536 613 767 977
86 1 5 28 59 86 121 175 245 353 709
87 0 2 3 6 7 12 15 27 42 87 248 499 750
88 4 10 11 23 88 124 179 251 886
89 1 20 43 89 254 511
90 0 1 2 3 7 9 10 12 17 23 27 28 36 49 57 59 62 75 90 121 127 152 153 183 192 257 307 369 387 400 462 617 777 803 927
91 44 91 260 523
92 2 4 7 11 16 32 35 67 92 130 187 263 358 662 719
93 0 1 3 5 9 13 21 29 45 93 266 535 804
94 1 5 13 14 31 65 94 133 191 269 385 773
95 2 4 7 8 11 19 22 32 46 47 52 67 74 95 107 151 172 242 272 347 382 487 536 547 767
96 0 3 6 8 15 19 30 63 96 136 195 275 414 831
97 1 2 7 17 22 47 97 278 559
98 1 68 98 139 199 281 401
99 0 3 4 11 14 18 31 38 39 48 79 99 116 120 235 243 284 354 571 694 711 858
100 2 7 26 55 100 142 203 287 512
101 1 5 10 23 49 101 290 583
102 0 1 2 3 4 5 7 9 11 12 17 18 21 25 27 32 34 37 39 53 57 67 71 81 102 108 117 137 145 165 182 207 219 256 277 293 367 417 441 515 552 737 774 837 885
103 10 20 23 43 50 103 296 595 686
104 104 148 211 299
105 0 1 2 3 6 7 9 12 15 17 24 27 33 42 51 57 58 87 105 119 132 177 180 241 267 302 363 537 546 607 729 912
106 1 4 8 11 19 25 41 74 106 151 215 305 433 760
107 2 7 8 19 52 107 308 619
108 0 3 34 71 108 154 219 311 468 939
109 1 4 5 11 13 25 53 109 314 631
110 1 2 5 7 13 17 29 37 61 77 110 157 223 317 449 562 901
111 0 3 14 16 31 35 48 54 99 111 320 358 643 719 966
112 2 7 20 43 112 160 227 323 812
113 1 4 11 25 26 44 55 91 113 185 200 326 403 655 809
114 0 1 3 6 9 10 15 23 33 36 49 75 80 114 153 163 231 246 329 465 495 744 993
115 2 7 56 64 115 131 292 332 587 667
116 4 10 11 14 23 31 88 116 166 179 218 235 335 439
117 0 1 2 3 5 7 8 9 12 17 19 21 27 28 30 37 41 52 57 59 63 85 90 107 117 121 129 152 162 183 217 245 261 307 327 338 369 437 462 617 657 679 741 927
118 1 5 8 19 40 41 83 85 118 169 239 341 470 481 943 965
119 58 119 344 691
120 0 2 3 4 7 11 12 18 22 27 32 38 39 47 67 72 79 102 120 147 172 202 207 243 284 347 407 522 571 612 858
121 1 28 59 121 350 703
122 1 2 7 17 22 47 86 97 122 175 247 353 442 497 887
123 0 3 4 6 11 15 18 39 60 123 356 715
124 124 178 251 359
125 1 2 5 7 13 17 29 37 61 70 77 125 143 157 289 317 362 581 637 727
126 0 1 3 5 9 13 20 21 40 43 45 66 83 89 126 135 169 181 255 273 341 365 513 549 685 986
127 2 4 7 10 11 23 32 50 62 67 88 103 127 179 262 368 452 527 686 739 907
128 8 14 19 31 128 184 259 371
129 0 1 3 8 9 10 19 23 26 30 36 41 49 55 63 75 84 113 129 140 153 171 283 316 345 374 426 569 635 751 855 954
130 1 2 4 7 11 16 17 25 32 35 67 73 92 130 137 187 263 358 377 529 662 719
131 64 131 380 763
132 0 2 3 6 7 12 15 24 27 42 51 87 132 190 267 383 576 962
133 1 5 14 31 65 133 386 775
134 1 4 5 11 25 46 53 95 134 193 271 389 545 956
135 0 2 3 7 12 20 27 43 66 76 112 135 155 227 234 342 392 471 687 787
136 136 196 275 395
137 1 2 4 7 11 17 25 32 67 137 398 799
138 0 1 3 9 44 91 98 138 185 199 279 300 401 561 603
139 8 19 34 68 71 139 404 778 811
140 2 7 8 10 19 23 38 52 62 79 107 127 140 202 283 407 448 530 712 899
141 0 1 3 4 5 6 9 11 13 15 18 21 25 33 39 45 53 56 60 69 81 109 115 123 141 165 174 233 249 333 351 410 469 501 528 705 823 941
142 1 2 5 7 10 13 17 23 26 29 37 49 55 62 77 101 113 127 142 157 205 229 257 287 374 413 461 517 577 751 925
143 70 143 416 835
144 0 3 4 11 18 39 46 95 144 208 291 419 630
145 1 2 7 14 17 22 31 34 47 65 71 82 97 145 167 182 337 367 422 626 737 847 922
146 1 104 146 211 295 425 593
147 0 2 3 7 12 22 27 47 72 147 428 859
148 4 11 28 59 148 214 299 431
149 1 5 16 20 35 43 73 89 149 181 358 434 719 871
150 0 1 2 3 5 6 7 8 9 12 14 15 17 19 21 27 30 31 33 37 41 42 48 52 57 63 65 69 82 85 87 96 99 107 117 129 133 150 162 167 177 184 195 201 217 252 261 303 327 337 357 371 393 405 437 492 507 558 609 657 677 745 762 789 932 987
151 4 8 11 19 74 151 440 883
152 2 7 28 59 152 220 307 443
153 0 1 3 9 10 23 36 49 75 153 446 895
154 1 110 154 223 311 449 625
155 2 4 7 10 11 23 32 62 67 76 88 127 155 179 392 452 550 787 907
156 0 3 50 103 156 226 315 455 684
157 1 2 5 7 13 17 29 37 77 157 458 919
158 1 4 5 11 13 20 25 26 43 53 55 89 109 113 158 181 200 229 319 365 403 461 641 664 809
159 0 3 6 15 24 51 78 159 464 931
160 2 7 44 91 160 232 323 467 812
161 1 8 19 38 40 41 79 83 161 169 448 470 899 943
162 0 1 2 3 4 7 8 9 11 12 14 17 18 19 25 27 30 31 32 39 41 48 52 57 63 65 67 74 81 82 99 102 107 116 129 137 151 162 167 184 201 207 217 228 235 252 305 327 337 354 371 382 417 459 473 507 558 592 657 711 745 767 921 932
163 80 163 476 955
164 164 238 331 479
165 0 1 2 3 4 5 7 9 11 12 17 18 21 25 27 32 37 39 53 57 67 81 94 102 117 137 165 191 207 277 288 385 417 482 579 676 773 837 967
166 1 5 10 23 49 58 101 119 166 241 335 485 673 790
167 2 7 14 31 82 167 488 979
168 0 3 6 10 15 16 23 35 36 54 75 111 114 168 231 244 339 358 491 719 738
169 1 4 11 25 40 68 83 139 169 281 298 494 599 991
170 1 2 7 17 22 47 97 122 170 247 343 497 689 862
171 0 3 26 55 84 171 500
172 2 4 7 8 11 19 20 22 32 43 47 52 67 74 107 112 151 158 172 227 250 272 319 347 382 503 547 572 767 802
173 1 5 8 13 19 41 85 173 506
174 0 1 3 5 9 13 21 29 45 56 61 93 115 125 174 189 233 253 351 381 469 509 705 765 941
175 2 7 86 100 175 203 442 512 887
176 4 11 34 71 176 256 355 515
177 0 1 2 3 6 7 9 12 15 17 27 33 42 57 87 177 518
178 1 128 178 259 359 521 721
179 4 10 11 14 23 28 31 59 88 116 179 214 218 235 400 431 439 524 803
180 0 2 3 7 12 27 50 58 103 119 156 180 262 302 315 363 527 607 792 912
181 1 5 10 20 23 38 43 49 79 89 101 161 181 296 325 530 595 940
182 1 2 5 7 17 34 37 64 71 131 145 182 265 293 332 367 533 667 737
183 0 3 4 8 11 18 19 28 30 39 46 59 63 74 90 95 144 151 183 214 228 291 338 431 459 536 648 679
184 8 14 19 31 184 268 371 539
185 1 2 7 17 44 91 106 185 215 232 433 467 542 937
186 0 1 3 4 6 9 11 15 18 24 25 33 39 51 60 81 105 123 134 186 249 271 375 408 545 753 819 956
187 2 7 16 26 35 55 92 142 187 287 358 548 719
188 188 274 379 551
189 0 1 3 5 9 13 21 29 45 61 93 189 554
190 1 2 4 5 7 11 13 17 25 32 37 53 67 77 109 137 190 277 383 557 769 962
191 94 191 560
192 0 2 3 7 10 12 23 27 36 62 75 127 192 280 387 563 846
193 1 4 11 25 46 95 193 566
194 1 8 10 19 23 41 49 140 194 283 391 569 785
195 0 2 3 6 7 8 12 15 19 20 22 27 30 42 43 47 52 63 66 72 87 96 107 112 135 147 162 195 204 222 227 250 272 327 342 411 447 492 503 547 572 687 756 822 987
196 14 31 196 286 395 575
197 1 2 4 5 7 11 17 22 25 32 37 47 53 67 80 97 137 163 172 197 277 329 347 412 578 661 697 827
198 0 1 3 5 9 21 64 70 131 143 198 216 265 289 399 435 533 581 801 873
199 98 199 584
200 2 4 7 11 26 32 55 56 67 115 142 200 287 292 403 410 587 823
201 0 1 3 9 14 31 48 65 99 201 590
202 1 2 7 17 38 79 146 161 202 295 407 593 742 817
203 100 203 596
204 0 3 4 6 11 15 18 20 39 40 43 60 66 83 123 126 135 158 204 255 298 319 384 411 480 599 771 900 963 986
205 1 2 5 7 8 10 13 17 19 23 37 41 49 52 62 77 85 101 107 118 127 140 173 205 217 239 257 283 437 481 517 569 602 712 877 965
206 1 5 8 13 16 19 29 35 41 73 85 149 173 206 301 349 358 415 605 719 833
207 0 2 3 4 7 10 11 12 18 23 27 32 36 39 44 62 67 75 88 91 102 127 138 179 192 207 232 270 279 326 387 452 467 543 608 655 702 907 984
208 208 304 419 611
209 1 50 103 209 614
210 0 1 2 3 7 9 12 17 27 28 57 59 68 90 121 139 152 183 210 281 307 352 369 423 462 617 707 849 927
211 4 11 86 104 175 211 620 746
212 2 7 40 83 212 310 427 623
213 0 1 3 5 6 9 14 15 21 24 31 33 34 48 51 65 69 71 99 105 108 133 145 150 201 213 219 293 303 330 405 441 456 609 626 663 885 915 996
214 1 4 5 11 25 28 53 59 76 121 155 214 245 313 431 550 629 865
215 2 7 106 124 215 251 542 632
216 0 3 8 19 26 30 55 63 70 84 143 171 216 316 435 635 800 954
217 1 2 7 8 17 19 41 52 107 217 638
218 1 4 10 11 14 20 23 25 31 43 49 65 88 89 116 158 179 218 235 296 319 361 388 439 473 595 641 779 881
219 0 3 34 71 108 219 644
220 2 7 10 22 23 47 62 127 220 322 443 647
221 1 4 5 11 13 25 29 53 109 221 650
222 0 1 2 3 5 6 7 9 12 13 15 17 21 22 27 33 37 38 42 45 47 57 69 72 77 79 87 97 117 120 141 147 161 177 197 202 222 237 243 297 325 357 366 397 407 447 489 597 612 653 717 735 817 897 981
223 110 223 656
224 224 328 451 659
225 0 1 2 3 4 7 9 11 12 16 17 18 25 27 32 35 39 54 57 67 73 81 92 102 111 130 137 187 207 225 263 282 358 377 396 417 529 567 662 719 795
226 1 164 226 331 455 665 913
227 2 7 8 19 20 43 52 58 107 112 119 227 250 302 503 607 668
228 0 3 4 8 11 18 19 30 39 63 74 151 228 334 459 671
229 1 5 26 55 113 229 674
230 1 2 5 7 14 17 31 37 65 82 133 167 230 337 463 677 929
231 0 3 6 10 15 23 36 75 114 231 680
232 2 4 7 11 32 44 46 67 91 95 232 242 326 340 467 487 655 683
233 1 10 23 49 50 56 103 115 209 233 686 764
234 0 1 3 9 76 155 170 234 313 343 471 516 689 945
235 2 4 7 11 14 31 32 67 82 116 136 167 235 275 592 692 970
236 236 346 475 695
237 0 1 2 3 5 7 9 12 13 17 21 27 37 45 57 77 117 237 698
238 1 5 8 13 19 29 41 61 85 173 238 349 479 701 961
239 4 8 11 19 74 98 118 151 199 239 704 844
240 0 2 3 6 7 12 15 24 27 42 51 68 78 87 132 139 159 210 240 267 352 402 423 483 636 707 807
241 1 20 28 43 58 59 89 119 121 241 710
242 1 2 4 7 11 17 25 32 46 67 95 137 176 193 242 355 487 713 892 977
243 0 3 38 79 120 243 716
244 10 16 23 35 244 358 491 719
245 1 2 5 7 17 22 26 28 37 47 55 59 97 113 121 142 152 197 229 245 287 307 577 617 722 772 896
246 0 1 3 4 5 9 10 11 18 21 23 25 36 39 49 53 75 80 81 88 101 153 163 165 179 246 270 309 329 361 495 543 578 661 725 993
247 2 7 14 22 31 40 47 82 83 122 167 212 247 422 427 728 847
248 248 364 499 731
249 0 1 3 4 6 8 9 11 15 18 19 25 30 33 39 41 60 63 64 74 81 96 123 129 131 151 195 198 228 249 265 305 393 399 459 466 600 690 734 801 921 935
250 1 2 7 8 17 19 20 34 41 43 52 71 89 107 112 145 182 217 227 250 367 404 457 503 737 811 848
251 124 251 740
252 0 2 3 7 12 14 27 31 48 82 99 167 252 370 507 743
253 1 4 5 11 13 25 29 53 61 104 109 125 211 221 253 425 445 746 853 893
254 1 5 13 44 91 185 254 373 511 749
255 0 2 3 7 12 27 40 83 126 148 212 255 299 427 450 642 752 903
256 4 11 34 71 256 376 515 755
257 1 2 7 10 17 23 49 62 127 257 758
258 0 1 3 6 9 15 26 33 55 84 113 171 188 258 345 379 519 570 761
259 10 23 56 115 128 259 764
260 2 4 7 8 11 19 32 52 67 74 107 151 260 382 523 767
261 0 1 3 5 8 9 19 21 30 41 63 85 129 261 770
262 1 2 5 7 17 37 50 94 103 191 209 262 385 421 482 527 773 967
263 4 11 16 35 38 79 130 263 284 358 571 719 776
264 0 3 14 20 31 43 48 66 86 99 135 175 264 388 531 779
265 1 2 7 17 64 131 154 265 311 332 625 667 782
266 1 194 266 391 535 785
267 0 2 3 4 6 7 11 12 15 18 24 27 32 39 42 51 60 67 87 102 110 123 132 186 207 223 267 312 336 375 562 627 675 788 942
268 268 394 539 791
269 1 5 13 14 31 65 133 269 794
270 0 1 2 3 4 5 7 9 10 11 12 13 17 18 21 22 23 25 27 29 32 36 37 39 45 47 49 53 57 62 67 72 75 77 81 88 93 97 101 102 109 117 127 137 147 153 157 165 172 179 192 197 205 207 221 237 257 270 277 297 309 322 333 347 361 387 397 413 417 452 477 517 522 543 557 597 621 647 669 697 725 777 797 837 907 972
271 8 19 70 134 143 271 800
272 2 7 8 10 19 22 23 28 47 52 59 62 107 127 140 152 272 283 307 322 338 400 547 647 679 712 772 803
273 0 1 3 9 20 43 66 89 135 273 806
274 1 4 11 25 26 55 113 200 274 403 551 809
275 2 7 136 160 275 323 692 812
276 0 3 6 15 28 59 90 183 276 406 555 815
277 1 2 4 5 7 11 17 25 32 37 53 67 137 277 818
278 1 5 100 203 278 409 559 821
279 0 3 44 91 138 279 824
280 2 7 80 163 280 412 563 827
281 1 4 11 14 25 31 46 65 68 95 116 139 193 235 281 473 494 830 991
282 0 1 2 3 7 8 9 12 16 17 19 27 30 35 41 52 54 57 63 73 92 107 111 129 162 187 206 217 225 282 327 358 377 415 567 624 657 719 833
283 8 10 19 23 140 283 836
284 4 11 38 79 284 418 571 839
285 0 1 2 3 5 6 7 9 10 12 13 15 17 21 23 27 29 33 36 37 42 45 49 57 62 69 75 77 87 93 101 114 117 127 141 153 157 166 177 192 205 231 237 257 285 309 335 357 387 413 465 477 504 517 582 621 673 717 777 842 933
286 1 5 13 14 31 50 65 103 133 209 269 286 421 575 845 898
287 2 7 20 26 34 43 55 71 112 142 182 227 287 367 664 848
288 0 3 4 11 18 39 58 94 119 180 191 288 363 424 579 676 851
289 1 70 143 289 854
290 1 2 7 17 40 83 169 212 290 427 583 857
291 0 3 4 11 18 39 46 95 144 291 860
292 2 7 56 115 292 430 587 863
293 1 5 8 19 34 41 71 76 85 145 155 293 313 404 629 811 866
294 0 1 3 5 6 8 9 15 19 21 24 30 33 41 51 63 69 85 96 105 106 129 195 213 215 261 294 324 393 433 591 651 789 869 978
295 2 4 7 11 22 32 47 67 122 146 172 247 295 347 742 872
296 10 20 23 43 296 436 595 875
297 0 1 2 3 7 9 12 17 22 27 47 57 72 97 147 297 878
298 1 4 10 11 14 23 25 31 40 49 65 83 88 116 169 179 218 235 298 361 439 473 556 599 728 881
299 148 299 884
300 0 2 3 7 12 27 86 98 175 199 264 300 442 502 531 603 887
301 1 5 13 16 35 44 73 91 149 185 301 358 373 719 749 890
302 1 2 4 5 7 11 13 17 25 29 32 37 53 58 61 67 77 109 119 125 137 157 221 241 277 302 317 424 445 485 557 607 637 851 893 973
303 0 3 6 14 15 26 28 31 48 55 59 84 90 99 150 171 183 258 276 303 490 519 524 555 896 983
304 8 19 38 79 304 448 611 899
305 1 2 4 7 8 11 17 19 25 32 41 52 67 74 107 137 151 178 217 305 359 382 721 767 902
306 0 1 3 9 100 203 224 306 409 451 615 678 905
307 2 7 28 59 152 307 908
308 308 454 619 911
309 0 1 3 4 5 9 10 11 18 21 23 25 36 39 49 53 75 81 88 101 128 153 165 179 259 270 309 361 390 521 543 725 783 914
310 1 2 5 7 17 20 37 43 89 112 181 227 310 457 623 917
311 10 23 68 139 154 311 920
312 0 2 3 4 6 7 11 12 15 18 27 32 39 42 60 67 87 102 123 207 312 460 627 923
313 1 76 155 313 926
314 1 230 314 463 631 929
315 0 2 3 7 8 12 14 19 27 30 31 48 50 52 63 82 99 103 107 156 162 167 184 252 262 315 327 371 507 527 558 580 792 898 932
316 4 8 11 19 26 55 64 74 131 151 200 316 403 466 635 734 935
317 1 2 5 7 13 17 29 37 61 77 157 317 938
318 0 1 3 5 9 13 21 45 56 104 115 174 211 233 318 351 425 469 639 705 853 941
319 4 11 20 43 158 319 944
320 2 7 14 16 22 31 35 47 82 92 167 187 320 358 422 472 643 719 847 947
321 0 1 3 6 9 15 24 33 51 78 105 159 321 950
322 1 2 7 10 17 22 23 47 49 62 97 127 236 257 322 475 647 953
323 4 11 134 160 271 323 956
324 0 3 10 23 34 36 71 75 106 108 215 219 324 478 651 959
325 1 2 5 7 17 37 38 79 161 190 202 325 383 407 769 817 962
326 1 4 5 8 11 19 25 41 44 53 74 85 91 118 151 185 239 305 326 373 481 514 613 655 844 965
327 0 2 3 7 8 12 19 27 30 52 63 107 162 327 968
328 328 484 659 971
329 1 80 163 329 974
330 0 1 2 3 4 6 7 9 11 12 15 17 18 25 27 32 33 34 39 42 46 57 60 67 71 81 87 95 102 108 123 137 144 145 177 182 193 207 219 242 249 256 291 312 330 367 417 438 441 487 515 552 585 627 663 732 737 774 879 977
331 164 331 980
332 2 7 14 26 31 55 64 82 131 142 167 287 332 490 667 983
333 0 1 3 4 5 9 11 13 18 20 21 25 39 40 43 45 53 66 81 83 89 109 126 135 158 165 169 181 255 273 298 319 333 341 365 480 513 549 599 641 685 900 963 986
334 1 5 13 28 29 59 121 245 334 493 671 989
335 2 7 10 23 62 127 166 196 335 395 842 992
336 0 3 110 223 336 496 675 995
337 1 2 4 7 8 10 11 14 17 19 23 25 31 32 41 49 52 62 65 67 74 82 88 107 116 127 137 140 151 167 179 184 217 218 235 257 283 305 337 361 371 382 439 452 473 569 592 712 745 767 881 907 932 998
338 1 8 19 28 41 59 121 248 338 499 679
339 0 3 6 15 16 35 50 54 103 111 156 168 315 339 358 474 719 951
340 2 4 7 11 32 46 67 95 98 199 242 340 487 502 683 704
341 1 5 40 83 169 341
342 0 1 2 3 5 7 9 12 17 20 21 27 37 43 57 66 89 112 117 124 135 181 227 251 273 342 378 457 505 549 632 687 759 917
343 170 343
344 4 11 70 143 344 508 691
345 0 1 2 3 7 9 12 17 22 26 27 38 47 55 57 72 79 84 97 113 120 142 147 161 171 202 243 287 297 345 407 432 489 577 612 722 817 867
346 1 254 346 511 695
347 2 4 7 11 22 32 47 67 172 347
348 0 3 6 8 10 15 19 23 24 30 36 44 51 63 75 91 96 114 138 140 195 231 279 283 294 348 420 426 514 591 608 699 843 855
349 1 5 8 13 14 19 29 31 41 58 65 85 119 133 173 184 241 269 349 371 485 541 668 745 973
350 1 2 5 7 10 13 17 23 37 49 62 77 101 127 205 257 350 517 703
351 0 3 4 11 18 39 56 115 146 174 295 351 410 444 823 891
352 2 7 68 139 352 520 707
353 1 86 175 353
354 0 1 3 4 9 11 14 18 25 31 39 48 65 81 99 116 201 235 260 354 473 523 711 786
355 2 7 176 208 355 419 892
356 20 43 356 526 715
357 0 1 2 3 5 6 7 9 12 15 17 21 27 33 37 42 57 69 87 117 177 357
358 1 4 5 11 16 25 35 53 73 130 149 263 358 529 719
359 8 19 94 178 191 359
360 0 2 3 7 8 12 19 27 30 52 63 104 107 118 162 211 239 318 327 360 532 602 639 723
361 1 4 10 11 23 25 26 34 49 55 71 88 113 145 179 200 256 361 374 403 478 515 751 809 959
362 1 2 7 17 70 143 266 289 362 535 727
363 0 3 10 23 36 58 75 80 119 163 180 246 363 495 790
364 364 538 731
365 1 2 4 5 7 11 13 17 20 25 28 32 37 43 53 59 67 77 89 109 112 121 137 152 158 181 214 227 245 277 307 319 365 431 457 493 557 617 641 710 802 865 917
366 0 1 3 5 6 9 13 14 15 21 29 31 33 38 45 48 61 65 69 79 93 99 120 133 141 150 161 189 201 243 269 285 303 325 366 405 489 541 573 609 653 694 735 813 981
367 2 7 34 71 182 367
368 4 11 50 103 368 544 739
369 0 1 3 9 28 59 90 121 183 369
370 1 2 7 8 17 19 22 41 47 52 97 107 217 272 370 547 743
371 8 14 19 31 184 371
372 0 2 3 4 7 11 12 18 22 27 32 39 47 67 72 76 102 122 147 155 172 207 234 247 347 372 392 471 522 550 747 787 872
373 1 5 44 91 185 373
374 1 5 10 23 26 49 55 101 113 136 229 275 374 553 751
375 0 2 3 4 6 7 11 12 15 18 24 27 32 39 42 51 60 67 87 102 123 132 186 207 220 267 312 375 443 627 666 942
376 10 23 40 83 376 556 755
377 1 2 7 16 17 35 56 73 92 115 187 233 292 358 377 587 719
378 0 1 3 9 124 251 278 378 505 559 759 840
379 4 11 20 43 46 95 158 188 319 379
380 2 7 110 223 380 562 763
381 0 1 3 5 8 9 13 19 21 29 30 41 45 61 63 85 93 100 125 129 173 189 203 261 306 349 381 409 525 615 701 821
382 1 2 4 5 7 8 11 13 17 19 25 32 37 41 52 53 67 68 74 77 85 107 109 137 139 151 173 217 277 281 305 352 382 437 494 557 565 613 707 767 778 877 991
383 14 31 64 131 190 383
384 0 3 6 15 40 83 126 255 384 568 771
385 1 2 7 17 94 191 226 385 455 482 913 967
386 1 4 11 25 38 79 161 284 386 571 775
387 0 2 3 7 10 12 23 27 36 62 75 127 192 387
388 14 20 31 43 388 574 779
389 1 4 5 10 11 23 25 46 49 53 86 88 95 101 175 179 193 353 361 389 620 634 709 725
390 0 1 2 3 5 7 9 12 17 21 26 27 37 55 57 84 113 117 128 142 171 229 259 287 345 390 432 521 577 652 693 783 867
391 194 391
392 2 7 8 19 50 52 76 103 107 155 262 392 527 580 787 866
393 0 1 3 4 6 8 9 11 15 18 19 25 30 33 39 41 60 63 74 81 96 123 129 151 164 195 228 249 305 331 393 459 498 665 690 921 999
394 1 290 394 583 791
395 2 7 22 44 47 91 196 232 395 467 992
396 0 3 4 11 16 18 28 35 39 54 59 90 111 130 183 214 263 358 396 431 586 648 719 795
397 1 2 5 7 13 17 22 37 47 77 97 197 397
398 1 5 13 29 34 71 145 293 398 589 799
399 0 3 64 131 198 399
400 2 4 7 10 11 14 23 28 31 32 59 62 67 82 88 116 127 152 167 179 214 218 235 307 400 431 439 452 524 592 803 907
401 1 98 199 401
402 0 1 2 3 6 7 9 10 12 15 17 20 23 24 27 33 36 42 43 49 51 57 62 66 75 78 87 89 105 112 114 127 132 135 153 159 177 192 204 227 231 257 267 273 296 321 342 348 387 402 411 457 465 537 582 595 618 687 699 777 807 825 894
403 4 8 11 19 26 55 74 106 151 200 215 316 403 635 760
404 8 19 34 71 404 598 811
405 0 1 2 3 5 7 9 12 14 17 21 27 31 37 48 57 65 82 99 117 133 167 201 238 252 337 405 479 507 677 720 961
406 1 5 148 299 406 601 815
407 2 4 7 11 32 38 67 79 170 202 284 343 407 571 862
408 0 3 134 271 408 604 819
409 1 100 203 409
410 1 2 4 7 11 17 25 32 56 58 67 115 119 137 233 241 292 302 410 424 587 607 823 851
411 0 3 6 15 20 43 66 135 204 411
412 2 7 80 163 412 610 827
413 1 5 10 13 23 29 49 101 205 413
414 0 1 3 4 5 8 9 11 13 18 19 21 25 30 39 41 45 53 63 74 81 85 109 129 136 151 165 173 228 261 275 305 333 414 459 525 553 613 831 921 970
415 2 7 8 10 16 19 23 35 52 62 92 107 127 140 187 206 244 283 358 415 491 712 719
416 416 616 835
417 0 1 2 3 4 7 9 11 12 14 17 18 25 27 31 32 39 48 57 65 67 70 81 82 99 102 116 137 143 167 201 207 216 235 252 289 337 354 362 417 435 473 507 508 592 711 727 873
418 1 308 418 619 839
419 26 40 55 83 208 419
420 0 2 3 6 7 12 15 22 27 42 44 47 72 87 91 122 138 147 222 232 247 279 372 420 447 467 622 702 747 843
421 1 4 5 11 25 50 53 103 176 209 355 368 421 713 739
422 1 2 5 7 14 17 22 31 37 47 65 82 97 133 154 167 197 311 337 422 625 677 782 847
423 0 3 68 139 210 423
424 4 11 58 119 424 628 851
425 1 2 7 8 17 19 20 41 43 52 89 104 107 112 211 217 227 250 425 457 503 532
426 0 1 3 8 9 10 19 23 30 36 41 49 63 75 129 140 153 283 314 426 569 631 855 948
427 2 7 28 38 40 59 79 83 152 202 212 307 407 427
428 4 10 11 23 46 88 95 179 428 634 859
429 0 1 3 5 6 9 13 15 21 24 33 45 51 69 105 141 213 429
430 1 2 5 7 13 17 29 37 61 77 125 157 253 317 430 637 863
431 4 11 28 59 214 431
432 0 2 3 7 12 26 27 55 84 142 171 287 432 640 867
433 1 106 215 433
434 1 14 16 20 31 35 43 65 73 89 320 358 388 434 643 719 779 871
435 0 2 3 4 7 11 12 18 27 32 34 39 67 70 71 102 108 143 182 207 216 219 256 362 367 435 508 515 552 727 774
436 8 19 56 115 436 646 875
437 1 2 5 7 8 17 19 37 41 52 85 107 217 437
438 0 1 3 4 5 6 9 11 15 18 21 25 33 39 46 53 60 69 81 95 123 144 160 165 193 249 291 323 389 438 486 501 585 649 879 975
439 10 14 23 31 218 439
440 2 7 128 259 440 652 883
441 0 1 3 9 10 23 34 36 49 71 75 98 108 145 153 199 219 300 401 441 478 603 959
442 1 2 4 7 11 17 25 32 44 67 86 91 137 175 185 232 326 353 442 467 620 655 887 937
443 220 443
444 0 3 146 295 444 658 891
445 1 2 4 5 7 11 13 17 22 25 29 32 37 47 50 53 61 67 77 97 103 109 137 157 172 197 209 221 262 277 317 347 368 397 421 445 527 557 697 739 797 845
446 1 5 13 80 163 329 446 661 895
447 0 2 3 6 7 8 12 15 19 22 27 30 42 47 52 63 72 87 96 107 118 147 162 195 222 239 272 327 360 447 492 547 602 723 822 987
448 8 19 20 26 38 43 55 79 250 316 448 503 635 664 899 940
449 1 4 11 25 110 188 223 379 449 761 788
450 0 1 2 3 7 9 12 17 27 57 64 131 148 198 265 299 332 399 450 601 667 752 801 903
451 14 31 76 155 224 451
452 2 4 7 10 11 23 32 62 67 88 127 179 452 670 907
453 0 1 3 5 9 16 21 35 54 68 73 111 139 149 210 225 281 358 423 453 565 719 849
454 1 5 10 23 49 101 166 335 454 673 911
455 2 7 226 268 455 539
456 0 3 4 6 11 14 15 18 24 31 39 48 51 60 94 99 116 123 150 186 191 235 288 303 354 375 456 579 676 711 870 915
457 1 2 7 17 20 43 89 112 227 457
458 1 8 19 28 41 59 121 338 458 679 919
459 0 3 4 8 11 18 19 30 39 63 74 151 228 459
460 2 7 134 271 460 682 923
461 1 5 13 26 55 113 229 461
462 0 1 2 3 5 7 9 12 13 17 21 27 28 29 37 40 45 57 59 77 83 90 93 117 121 126 152 157 169 183 212 237 245 255 307 341 369 427 462 477 493 513 617 642 685 741 857 927 989
463 4 11 194 230 391 463
464 464 688 931
465 0 1 2 3 6 7 9 10 12 15 17 23 27 33 36 42 49 57 62 75 87 114 127 153 177 192 231 257 274 387 465 551 582 777 828
466 1 4 11 25 64 131 265 344 466 691 935
467 2 7 10 23 44 62 91 104 127 211 232 467 532 608
468 0 3 14 31 38 48 79 99 120 154 243 311 468 694 939
469 1 5 8 19 41 56 85 115 124 233 251 469 505 646
470 1 2 4 5 7 8 11 17 19 22 25 32 37 40 41 47 52 53 67 74 83 85 97 107 137 151 169 172 197 212 217 272 277 298 305 341 347 382 427 437 470 547 599 613 697 767 857 943
471 0 3 20 43 58 66 76 119 135 155 180 234 363 471
472 2 7 16 22 34 35 47 71 92 182 187 358 367 472 700 719 922 947
473 1 4 11 14 25 31 65 116 235 473
474 0 1 3 6 9 15 33 50 103 156 209 315 350 474 633 703 951
475 2 7 236 280 475 563
476 476 706 955
477 0 1 2 3 4 5 7 9 11 12 13 17 18 21 25 26 27 29 32 37 39 45 46 53 55 57 67 77 81 84 93 95 102 109 113 117 137 142 144 157 165 171 193 200 207 221 229 237 242 277 287 291 333 345 389 403 417 432 461 477 487 557 577 585 606 669 693 732 781 809 837 867 925 977
478 1 5 10 13 23 34 49 71 86 101 145 175 205 293 353 478 589 709 959
479 238 479
480 0 2 3 4 7 8 10 11 12 18 19 20 23 27 30 32 36 39 43 52 62 63 66 67 74 75 88 102 107 112 127 135 140 151 158 162 179 192 207 227 228 250 270 283 296 319 327 342 382 387 426 452 459 480 503 543 595 687 712 756 767 802 855 894 907 963 998
481 1 8 19 41 118 239 481
482 1 2 7 17 94 191 356 385 482 715 967
483 0 3 6 15 24 51 78 159 240 483
484 4 11 100 203 484 718 971
485 1 2 5 7 14 17 31 37 58 65 82 119 133 167 241 286 302 337 485 575 607 677
486 0 1 3 5 9 21 160 178 323 359 486 540 649 721 975
487 2 4 7 11 32 46 67 95 242 487
488 488 724 979
489 0 1 3 9 28 38 44 59 79 90 91 120 121 138 161 183 185 243 279 369 489 561
490 1 2 7 14 17 26 31 55 65 70 82 113 142 143 167 287 289 337 362 490 577 727 983
491 4 8 10 11 16 19 23 35 74 88 130 140 151 179 206 244 263 283 358 415 491 719 998
492 0 2 3 6 7 8 12 15 19 27 30 42 52 63 87 96 107 162 195 327 492 730 987
493 1 5 10 13 23 28 49 59 101 110 121 205 223 245 400 449 493 803 901
494 1 4 5 11 13 20 25 29 43 53 61 68 89 109 139 158 181 221 281 319 365 445 494 565 641 733 991
495 0 2 3 7 12 22 27 47 56 72 80 115 147 163 174 246 292 351 412 495 587 827 882
496 496 736 995
497 1 2 7 17 22 47 97 122 247 497
498 0 1 3 4 9 11 18 25 39 50 81 103 156 164 209 315 331 368 498 633 665 739 999
499 248 499
500 2 7 146 295 500 742
501 0 1 3 4 5 6 9 11 15 18 21 25 33 39 53 60 69 81 123 165 249 501
502 1 2 5 7 8 14 17 19 31 37 41 52 65 82 85 98 107 133 167 184 199 217 337 371 401 437 502 677 745 805 932
503 8 19 20 43 250 503
504 0 3 10 23 36 75 166 335 504 748
505 1 2 4 7 11 17 25 32 40 67 83 124 137 169 212 251 298 427 505 599 632 857 886
506 1 10 23 26 49 55 113 374 506 751
507 0 2 3 7 12 14 27 31 48 82 99 167 252 507
508 4 11 70 143 508 754
509 1 5 13 29 34 38 61 71 79 125 145 161 253 293 325 509 589 653
510 0 1 2 3 5 6 7 9 12 13 15 16 17 21 24 27 33 35 37 42 45 51 54 57 69 73 77 87 92 105 111 117 132 141 149 168 177 187 213 225 237 267 282 301 339 357 358 377 429 453 510 537 567 681 717 719 757 852 909
511 254 511
512 2 4 7 11 32 67 100 106 203 215 512 542 718 760
513 0 1 3 8 9 19 30 40 41 63 83 126 129 136 169 255 275 414 470 513 553 831 943
514 1 8 19 41 44 91 185 380 514 763
515 2 4 7 11 32 34 67 71 182 256 304 367 515 611
516 0 3 170 343 516 766
517 1 2 5 7 10 17 20 23 37 43 49 62 64 89 101 112 127 131 181 227 257 265 296 332 457 517 533 595 667 868 917
518 1 5 190 383 518 769
519 0 3 4 6 10 11 14 15 18 23 26 31 36 39 48 55 60 75 84 88 99 114 116 123 150 171 179 200 218 231 235 258 270 303 354 374 403 439 490 519 543 606 660 711 751 816 983
520 2 7 22 28 47 59 152 307 520 772
521 1 128 259 521
522 0 1 2 3 4 7 9 11 12 17 18 22 25 27 32 39 47 57 67 72 81 97 102 137 147 172 207 297 347 386 417 522 697 775
523 260 523
524 8 14 19 28 31 59 68 139 184 338 371 524 679 778
525 0 1 2 3 5 7 8 9 12 13 17 19 21 27 30 37 41 45 52 57 63 77 85 107 117 129 162 173 217 237 261 310 327 437 525 623 657 877 936
526 1 4 5 11 13 20 25 29 43 46 53 89 95 109 158 181 193 221 319 365 389 526 641 733 781
527 2 7 50 103 262 527
528 0 3 6 15 56 115 174 351 528 784
529 1 4 11 16 25 35 73 80 130 163 263 329 358 529 578 719
530 1 2 7 10 17 23 38 49 62 76 79 127 155 161 202 257 313 392 407 530 787 817
531 0 3 86 175 264 531
532 2 7 10 23 58 62 104 119 127 211 302 532 607 790
533 1 4 5 11 25 53 64 131 224 265 451 466 533 905 935
534 0 1 3 5 9 21 176 196 355 395 534 594 713 793
535 2 7 8 19 26 52 55 107 142 266 287 316 535 635
536 4 8 11 14 19 31 44 46 74 91 95 116 151 184 235 326 371 514 536 655 796 830
537 0 1 2 3 6 7 9 12 15 17 24 27 33 42 51 57 87 105 132 177 267 537
538 1 398 538 799
539 268 539
540 0 2 3 4 7 11 12 18 20 27 32 39 43 66 67 102 112 135 158 178 207 227 319 342 359 480 540 687 802 902 963
541 1 5 13 14 29 31 65 133 269 541
542 1 2 5 7 13 17 37 77 98 106 199 215 401 433 502 542 805 869
543 0 3 4 10 11 18 23 36 39 75 88 179 270 543
544 544 808
545 1 2 7 10 17 22 23 47 49 62 97 122 127 134 247 257 271 322 497 545 647 682
546 0 1 3 6 8 9 15 19 30 33 34 41 58 63 71 96 108 119 129 145 180 195 219 241 330 363 393 404 441 546 663 668 729 811
547 2 4 7 8 11 19 22 32 47 52 67 74 107 151 172 230 272 347 382 463 547 767
548 16 26 35 40 55 83 358 548 719 814
549 0 1 3 5 9 20 21 43 66 89 135 181 273 549
550 1 2 4 5 7 11 17 25 32 37 38 53 67 76 79 137 155 161 202 277 284 313 325 392 407 550 571 629 787 817
551 28 50 59 103 274 551
552 0 2 3 7 12 27 34 71 108 182 219 367 552 820
553 1 14 31 65 94 136 191 275 385 553
554 1 4 11 25 56 115 233 410 554 823
555 0 2 3 6 7 12 15 27 28 42 59 87 90 152 183 276 307 328 462 555 659 927 990
556 10 23 40 83 556 826
557 1 2 4 5 7 8 11 13 17 19 25 32 37 41 52 53 67 74 77 85 107 109 137 148 151 173 217 277 299 305 382 437 557 601 613 752 767 877
558 0 1 3 5 8 9 10 13 14 19 21 23 29 30 31 36 41 45 48 49 61 63 65 75 85 93 99 101 125 129 133 140 153 173 184 189 201 205 218 261 269 283 309 349 371 381 405 413 426 439 525 541 558 569 621 660 701 745 813 829 855 881
559 278 559
560 2 7 164 331 560 832
561 0 1 3 4 9 11 18 25 39 44 81 91 138 185 236 279 326 475 561 655 714 953 984
562 1 2 7 17 110 223 416 449 562 835
563 20 43 70 143 280 563
564 0 3 4 6 11 15 18 24 26 39 51 55 60 78 84 123 159 171 186 200 258 375 403 519 564 606 780 838
565 1 2 5 7 17 37 68 139 281 334 352 565 671 707
566 1 5 208 419 566 841
567 0 2 3 7 12 16 27 35 54 86 92 111 175 187 264 282 358 442 531 567 719 887
568 4 8 11 19 74 118 151 239 568 844
569 1 8 10 19 23 41 49 140 283 569
570 0 1 2 3 7 9 12 14 17 22 27 31 47 48 57 65 72 82 97 99 147 167 188 201 252 297 337 379 422 507 570 761 847 952
571 4 10 11 23 38 79 88 128 179 259 284 530 571 914
572 2 7 20 22 43 47 112 227 572 850
573 0 1 3 5 6 9 13 15 21 29 33 45 61 69 93 141 189 285 573
574 1 5 13 104 211 425 574 853
575 2 4 7 11 14 31 32 46 67 82 95 116 167 235 242 286 340 487 575 592 683 830
576 0 3 190 383 576 856
577 1 2 7 17 26 55 113 142 287 577
578 1 4 11 25 80 163 329 428 578 859
579 0 3 8 19 30 63 94 154 191 288 311 468 579 939
580 2 7 8 19 50 52 103 107 170 262 343 527 580 862
581 1 5 70 143 289 581
582 0 1 2 3 4 5 6 7 9 10 11 12 15 17 18 21 23 25 27 28 32 33 36 37 39 42 49 53 57 59 60 62 67 69 75 81 87 88 90 101 102 114 117 121 123 127 137 152 153 165 177 179 183 192 207 214 231 245 249 257 270 276 277 307 309 312 357 361 369 387 400 417 431 452 462 465 501 517 543 555 582 617 627 648 725 741 777 803 816 837 865 907 927 933
583 34 44 71 91 290 583
584 10 23 64 131 584 868
585 0 1 2 3 4 7 9 11 12 17 18 25 27 32 39 46 57 67 81 95 102 137 144 193 207 242 291 346 417 487 585 695 732 977
586 1 16 20 28 35 43 59 73 89 121 358 434 586 710 719 871
587 2 7 14 31 56 82 100 115 167 203 292 512 587
588 0 3 194 391 588 874
589 1 4 5 11 13 25 34 53 71 109 145 248 256 293 499 515 589
590 1 2 5 7 8 13 17 19 29 37 41 52 77 85 107 157 173 217 349 437 590 877
591 0 3 6 8 15 19 24 30 38 40 51 63 79 83 96 120 126 195 243 255 294 366 384 448 470 591 735 771 899 943
592 2 4 7 11 14 31 32 67 82 116 167 235 592 880
593 1 26 55 58 113 119 146 241 295 593
594 0 1 3 9 196 395 440 594 793 883
595 2 7 10 20 22 23 43 47 62 68 112 127 139 227 296 322 352 572 595 647 707 920
596 4 11 124 251 596 886
597 0 1 2 3 5 7 9 10 12 17 21 22 23 27 36 37 47 49 57 62 72 75 97 101 117 127 134 147 153 192 197 257 271 297 309 322 387 408 517 545 597 647 682 777 819 972
598 1 5 220 443 598 889
599 4 11 40 83 298 599
600 0 2 3 6 7 12 15 27 42 64 87 131 176 198 332 355 399 534 600 667 892
601 1 8 19 41 148 160 299 323 601 649
602 1 2 7 8 17 19 41 52 107 118 217 239 446 481 602 895
603 0 3 4 11 18 39 98 199 254 300 511 603 704 768
604 14 31 50 103 604 898
605 1 2 5 7 13 16 17 29 35 37 73 77 92 149 157 187 301 358 377 605 719 757
606 0 1 3 4 5 9 11 13 18 21 25 26 39 45 53 55 81 84 109 110 113 165 171 200 223 229 333 336 345 403 449 461 606 675 693 788 809 901
607 2 7 58 119 302 607
608 10 23 44 91 608 904
609 0 1 3 6 9 14 15 20 31 33 43 48 65 66 76 89 99 135 150 155 201 204 234 273 303 313 388 411 471 609 708 779 825 945
610 1 2 4 7 10 11 17 23 25 32 49 62 67 88 127 137 179 257 361 452 610 907
611 304 611
612 0 2 3 7 8 12 19 27 30 38 52 63 79 80 107 120 162 163 202 243 246 327 407 412 448 495 612 827 899 910
613 1 4 5 8 11 19 25 28 41 53 56 59 74 85 115 121 151 214 233 245 305 338 410 431 469 613 646 679 823 865
614 1 5 226 455 614 913
615 0 2 3 7 12 27 100 203 306 364 512 615 731
616 616 916
617 1 2 4 7 11 17 25 28 32 59 67 121 137 152 214 260 307 431 523 617 865
618 0 1 3 6 9 15 20 24 33 43 51 66 89 105 135 204 273 411 458 618 825 919
619 308 619
620 2 4 7 11 22 32 34 47 67 71 86 172 175 182 256 347 367 442 515 620 887 922
621 0 1 3 5 9 10 13 14 21 23 31 36 45 48 49 65 75 99 101 106 133 153 201 205 215 218 269 309 324 405 433 439 621 651 660 813 869 881
622 1 2 5 7 13 17 22 26 29 37 47 55 61 77 97 113 122 142 157 197 229 247 287 317 397 461 497 577 622 722 797 925 997
623 8 10 19 23 140 166 283 310 335 623
624 0 3 4 8 11 16 18 19 30 35 39 46 54 63 74 95 111 130 144 151 206 228 263 291 358 396 415 459 536 624 719 795 928
625 1 2 7 17 154 311 370 625 743 782
626 1 14 31 34 65 71 145 464 626 931
627 0 2 3 4 6 7 11 12 15 18 27 32 39 42 60 67 87 102 123 207 312 627
628 628 934
629 1 5 76 155 313 629
630 0 1 2 3 5 7 9 12 17 21 27 37 44 57 91 117 138 185 208 232 279 373 419 467 561 630 702 841 937
631 4 11 266 314 535 631
632 2 7 20 38 43 79 112 124 202 227 251 407 632 940
633 0 1 3 9 50 103 156 209 315 633
634 1 4 8 10 11 19 23 25 40 41 46 49 74 83 88 95 140 151 169 179 193 283 298 305 361 470 536 556 569 599 634 943 998
635 2 7 8 19 26 52 55 107 142 287 316 376 635 755
636 0 3 6 10 15 23 36 68 70 75 114 139 143 210 216 231 423 435 636 654 920 946
637 1 2 5 7 13 17 29 37 61 77 125 157 317 637
638 1 4 5 11 13 14 25 31 53 65 109 116 133 235 269 473 638 949
639 0 3 104 211 318 639
640 2 7 188 379 640 952
641 1 4 11 20 25 43 89 158 319 641
642 0 1 2 3 7 9 12 17 27 40 57 83 126 169 212 255 427 476 513 642 857 955
643 14 16 31 35 98 199 320 358 643 719
644 28 59 644 958
645 0 1 2 3 4 5 6 7 8 9 11 12 15 17 18 19 21 22 24 25 27 30 32 33 37 39 41 42 47 51 52 53 57 60 63 67 69 72 74 78 81 85 87 96 97 102 105 107 117 123 129 132 137 147 151 159 162 165 172 177 186 195 197 207 213 217 222 228 249 261 267 272 277 294 297 305 312 321 327 347 357 375 382 393 402 417 437 447 459 492 501 522 537 547 564 591 597 613 627 645 657 672 690 697 753 767 789 807 822 837 888 897 921 942 987
646 1 5 8 19 41 56 85 115 233 238 469 479 646 961
647 2 7 10 22 23 47 62 127 322 647
648 0 3 4 11 18 28 39 59 90 183 214 431 648 964
649 1 10 23 49 146 160 295 323 593 649
650 1 2 7 17 94 191 385 482 650 967
651 0 3 26 55 64 84 106 131 171 198 215 324 399 651
652 2 4 7 11 32 67 128 136 259 275 652 692 914 970
653 1 5 13 38 79 161 325 653
654 0 1 3 5 6 9 13 15 21 29 33 45 58 69 70 93 119 141 143 180 216 241 285 289 363 435 485 546 581 654 729 873 973
655 2 4 7 11 14 20 31 32 43 44 67 82 91 112 116 158 167 227 232 235 319 326 388 467 592 655 779 796 802
656 8 19 86 175 656 976
657 0 1 2 3 7 8 9 12 17 19 27 30 34 41 50 52 57 63 71 103 107 108 129 145 156 162 182 209 217 219 262 315 327 367 404 441 527 552 580 633 657 737 792 811
658 1 488 658 979
659 4 11 278 328 559 659
660 0 2 3 7 10 12 14 23 27 31 36 48 62 75 82 99 127 167 192 194 218 252 387 391 439 507 588 660 982
661 1 5 80 163 329 661
662 1 2 4 5 7 10 11 16 17 23 25 32 35 37 49 53 62 67 73 88 92 101 127 130 137 149 179 187 244 257 263 277 358 361 377 452 491 517 529 662 719 725 757 907 985
663 0 3 6 15 34 71 108 219 330 663
664 20 26 43 55 664 988
665 1 2 7 17 164 331 394 665 791 832
666 0 1 3 4 9 11 18 25 39 68 81 139 210 220 281 423 443 494 666 849 889 991
667 2 7 8 19 52 64 107 131 178 332 359 667 734 902
668 8 19 58 119 668 994
669 0 1 3 4 5 9 11 13 18 21 25 29 39 45 53 81 93 109 165 221 333 669
670 1 2 5 7 13 17 22 37 47 77 97 122 197 247 397 497 670 997
671 334 671
672 0 2 3 6 7 12 14 15 22 24 27 31 42 47 48 51 56 72 82 87 99 115 132 147 150 167 174 222 252 267 292 303 351 422 447 456 507 528 587 672 762 847 882 915
673 1 4 10 11 23 25 38 46 49 79 88 95 161 166 179 193 284 335 361 530 571 634 673
674 1 500 674
675 0 2 3 7 10 12 23 27 28 36 59 62 75 90 110 127 152 183 192 223 307 336 387 400 462 562 675 803 927
676 4 11 94 191 676
677 1 2 5 7 14 17 31 37 40 44 65 82 83 91 133 167 169 185 212 232 337 341 373 427 467 677 728 796 857 937
678 0 1 3 5 8 9 19 20 21 30 41 43 63 66 85 89 129 135 181 224 250 261 273 451 503 549 678 756 905
679 8 19 28 59 338 679
680 2 4 7 11 26 32 55 67 142 200 287 403 680
681 0 1 3 6 9 15 16 33 35 54 73 104 111 168 211 225 318 339 358 425 639 681 719 960
682 1 2 7 17 134 271 506 545 682
683 4 11 46 95 340 683
684 0 3 226 455 684
685 1 2 5 7 13 17 37 40 77 83 169 212 341 406 427 685 815 857
686 1 5 10 13 23 29 49 50 61 101 103 125 205 209 253 413 421 509 686 829 845
687 0 2 3 4 7 11 12 18 20 27 32 39 43 66 67 102 112 135 158 207 227 290 319 342 480 583 687 802 876 963
688 10 23 76 155 688
689 1 8 14 19 31 41 65 118 170 184 239 343 371 481 689 745
690 0 1 2 3 4 6 7 8 9 11 12 15 17 18 19 25 27 30 32 33 39 41 42 52 57 60 63 67 74 81 87 96 100 102 107 123 129 137 151 162 177 195 203 207 217 228 249 305 306 312 327 382 393 409 417 459 492 512 615 627 657 690 718 767 921 924 987
691 344 691
692 2 7 136 275 692
693 0 1 3 5 9 21 26 55 84 113 171 229 345 693
694 1 4 5 11 14 25 31 34 38 53 65 71 79 116 133 145 161 235 256 284 293 325 473 515 571 626 694 949
695 2 7 22 47 80 163 346 412 695 827
696 0 3 230 463 696
697 1 2 4 7 11 17 22 25 32 47 67 97 137 172 347 697
698 1 518 698
699 0 3 6 10 15 23 24 36 51 75 114 231 348 699
700 2 7 8 16 19 34 35 52 71 92 107 182 187 206 358 367 404 415 700 719 811
701 1 4 5 8 10 11 13 19 20 23 25 29 41 43 49 53 61 74 85 88 89 101 109 140 151 158 173 179 181 205 221 250 283 296 305 319 349 361 365 413 445 503 569 595 613 641 701 725 733 829 998
702 0 1 2 3 5 7 9 12 13 17 21 27 37 44 45 57 77 91 117 128 138 185 232 237 259 279 373 390 467 521 561 652 702 749 783 937
703 350 703
704 4 11 98 199 704
705 0 1 2 3 7 9 12 17 27 56 57 115 174 233 292 351 418 587 705 839 882
706 1 14 28 31 59 65 121 524 706
707 2 7 68 139 352 707
708 0 3 4 6 11 15 18 39 60 76 123 148 155 234 299 450 471 550 708 903
709 1 5 26 55 70 86 113 143 175 229 289 353 581 709
710 1 2 5 7 17 20 28 37 43 50 59 89 103 112 121 152 181 209 227 245 262 307 421 457 527 617 710 917
711 0 3 4 8 11 14 18 19 30 31 39 48 63 74 99 116 151 184 190 228 235 354 371 383 459 558 576 711
712 2 7 8 10 19 23 52 62 107 127 140 283 712
713 1 176 355 713
714 0 1 3 9 10 23 36 38 49 75 79 120 153 161 236 243 475 489 530 714 953
715 2 4 7 11 32 58 67 119 302 356 424 607 715 851
716 716
717 0 1 2 3 5 6 7 9 12 13 15 17 21 27 33 37 42 45 57 69 77 87 117 141 177 237 357 717
718 1 4 5 11 13 25 29 53 64 100 109 131 203 221 265 409 466 533 718 821 935
719 16 35 110 223 358 719
720 0 2 3 7 12 22 27 40 47 72 83 126 147 212 238 255 427 479 642 720
721 1 178 359 721
722 1 2 4 7 8 11 17 19 22 25 26 32 41 46 47 52 55 67 74 95 97 107 113 137 142 151 172 193 200 217 242 272 287 305 316 347 382 403 487 536 547 577 635 697 722 767 809 977
723 0 3 8 14 19 30 31 48 63 99 118 124 184 239 251 360 371 378 558 723 759
724 20 43 44 91 724
725 1 2 4 5 7 10 11 17 23 25 32 37 49 53 62 67 88 101 127 137 179 257 277 361 430 452 517 725 863 907
726 0 1 3 5 6 9 15 21 24 33 51 69 78 105 159 213 240 268 321 483 539 645 726 810 969
727 2 7 10 23 62 70 127 143 164 331 362 727 832 946
728 14 31 40 83 728
729 0 1 3 4 9 11 18 25 39 58 81 119 180 241 308 363 424 619 729 851 930
730 1 2 7 17 106 215 433 542 730
731 34 56 71 115 364 731
732 0 2 3 4 7 11 12 18 27 32 39 46 67 95 102 144 207 242 291 487 732
733 1 5 8 13 19 20 29 41 43 85 89 173 181 196 250 349 365 395 503 733 793
734 1 5 8 13 19 41 64 85 131 134 173 265 271 533 545 734
735 0 2 3 6 7 12 15 27 38 42 79 87 120 202 243 366 407 436 612 735 875
736 4 11 154 311 736
737 1 2 7 17 28 34 59 68 71 121 139 145 152 182 281 307 352 367 617 707 737
738 0 1 3 9 10 16 23 26 35 36 49 54 55 73 75 84 111 113 153 171 225 244 345 358 374 491 548 719 738 751 985
739 4 11 50 103 368 739
740 2 7 10 14 23 31 62 82 127 167 218 439 740
741 0 1 3 5 9 21 28 59 90 121 183 245 369 741
742 1 2 5 7 17 37 146 274 295 551 593 742
743 4 11 314 370 631 743
744 0 3 6 8 15 19 30 63 80 96 98 163 195 199 246 300 495 603 744 906 910
745 1 2 7 8 14 17 19 22 31 41 47 52 65 82 86 97 107 167 175 184 217 272 337 353 371 422 442 547 745 847 887 932 976
746 1 4 11 25 104 211 425 554 746
747 0 2 3 7 12 20 22 27 43 47 66 72 94 112 122 135 147 191 227 247 288 342 372 482 572 579 687 747 967
748 748
749 1 5 13 44 91 185 373 749
750 0 1 2 3 4 5 7 9 11 12 13 17 18 21 25 27 29 32 37 39 45 53 57 61 67 77 81 93 102 109 117 137 157 165 189 207 221 237 248 277 317 333 417 445 477 499 557 669 750 837 957
751 10 23 26 55 374 751
752 2 7 148 299 752
753 0 1 3 4 6 9 10 11 15 18 23 24 25 33 36 39 49 51 60 75 81 88 105 114 123 153 170 179 186 231 249 270 343 348 361 375 465 516 543 689 699 753 816
754 1 560 754
755 2 7 8 19 38 52 79 107 202 376 407 448 755 899
756 0 3 8 19 20 30 43 63 66 135 250 503 756
757 1 2 4 5 7 11 14 16 17 25 31 32 35 37 53 65 67 73 82 92 116 130 133 137 149 167 187 235 263 277 320 337 358 377 473 529 592 643 662 677 719 757 949
758 1 5 280 563 758
759 0 3 124 251 378 759
760 2 4 7 11 32 67 106 215 224 451 542 760
761 1 188 379 761
762 0 1 2 3 6 7 9 12 14 15 17 27 31 33 42 48 57 65 82 87 99 150 167 177 201 252 303 337 507 566 609 762
763 40 50 83 103 380 763
764 4 10 11 23 56 88 115 160 179 323 410 764 823
765 0 1 2 3 5 7 9 12 13 17 21 27 29 37 45 57 61 77 93 117 125 157 189 237 253 317 381 454 477 637 765 911 957
766 1 5 8 10 13 19 23 41 49 85 101 140 173 205 283 569 766
767 2 4 7 8 11 19 26 32 52 55 67 74 76 107 142 151 155 200 287 316 382 392 403 550 635 767 787 866
768 0 3 28 34 59 71 90 108 183 219 254 511 768
769 1 190 383 769
770 1 2 7 17 20 22 43 47 89 97 112 227 457 572 770
771 0 3 4 6 11 15 18 39 40 44 46 60 83 91 95 123 126 138 144 255 279 291 298 326 384 420 438 599 655 771 843 879 900 984
772 2 7 22 28 47 59 152 307 772
773 1 5 94 191 385 773
774 0 1 3 4 5 9 11 14 18 21 25 31 34 39 48 53 65 71 81 99 108 116 133 145 165 201 219 235 256 286 293 354 405 441 473 515 575 626 711 774 864 885 949
775 2 7 386 460 775 923
776 16 35 38 58 79 119 358 719 776
777 0 1 2 3 7 8 9 10 12 17 19 23 27 30 36 41 49 52 57 62 63 75 107 127 129 140 153 162 192 208 217 257 283 327 387 419 426 569 630 657 712 777 841 855
778 1 4 8 11 19 25 41 68 74 80 139 151 163 281 305 329 494 578 778 910 991
779 10 14 20 23 31 43 176 218 296 355 388 439 595 779
780 0 2 3 6 7 12 15 24 26 27 42 51 55 84 87 132 142 171 230 258 267 287 432 463 519 696 780 867
781 1 4 5 11 13 25 46 53 95 109 193 389 781
782 1 2 5 7 13 17 29 37 70 77 143 154 157 289 311 362 581 625 727 782
783 0 3 128 259 390 783
784 784
785 1 2 4 7 11 17 25 32 64 67 131 137 194 265 332 391 466 667 785 935 982
786 0 1 3 9 260 523 584 786
787 2 7 76 155 392 787
788 4 8 11 19 74 104 110 151 211 223 746 788
789 0 1 3 5 6 8 9 15 19 21 30 33 41 63 69 85 96 129 195 261 393 789
790 1 2 5 7 10 17 23 37 49 56 58 62 101 115 119 127 233 241 257 292 302 469 485 517 587 607 764 790
791 14 31 136 275 394 791
792 0 2 3 4 7 10 11 12 18 23 27 32 36 39 50 62 67 75 88 102 103 127 156 166 179 192 207 262 270 315 335 368 387 452 504 527 543 686 739 792 842 907
793 1 20 43 89 100 196 203 395 409 793
794 1 590 794
795 0 2 3 4 7 11 12 16 18 22 27 32 35 39 47 54 67 72 92 102 111 122 130 147 172 187 207 247 263 282 347 358 372 396 472 522 567 662 719 747 795 872 947
796 14 26 31 38 44 55 79 91 490 694 796 983
797 1 2 5 7 13 17 22 29 37 47 77 97 157 197 397 797
798 0 1 3 5 6 9 13 15 21 33 45 69 86 141 146 175 264 295 353 444 531 593 709 798 891
799 4 8 11 19 28 59 74 151 214 338 398 431 679 799
800 2 7 8 19 52 70 107 143 236 362 475 727 800
801 0 1 3 9 64 131 198 265 399 801
802 1 2 4 7 11 17 20 25 32 43 67 89 112 137 158 227 319 457 596 641 802
803 10 23 28 59 400 803
804 0 3 266 535 804
805 1 2 5 7 10 17 23 34 37 49 62 71 98 101 127 145 182 199 257 293 367 401 478 502 517 737 805 959
806 1 4 5 11 25 40 53 83 169 298 341 599 806
807 0 2 3 6 7 12 15 24 27 42 51 78 87 132 159 267 402 807
808 14 31 68 139 808
809 1 4 11 25 26 55 113 200 403 809
810 0 1 2 3 7 8 9 12 17 19 27 30 41 52 57 63 107 118 129 162 217 239 268 327 360 481 539 602 657 723 810
811 8 19 34 71 404 811
812 2 7 160 323 812
813 0 1 3 4 5 9 11 13 14 18 21 25 31 39 45 48 53 65 81 99 109 116 133 165 201 235 269 333 344 354 405 473 691 711 813 949
814 1 5 13 16 29 35 40 61 73 83 125 149 169 301 341 358 605 685 719 814
815 2 7 406 484 815 971
816 0 3 4 6 10 11 15 18 20 23 36 39 43 50 60 66 75 88 103 114 123 135 156 158 179 204 231 270 296 315 319 368 411 474 480 543 595 686 739 816 894 951 963
817 1 2 7 17 38 79 161 202 407 817
818 1 10 23 44 49 91 185 608 818
819 0 3 134 271 408 819
820 2 4 7 11 22 32 46 47 67 95 172 242 347 487 820
821 1 5 8 19 41 85 100 203 220 409 443 821 889
822 0 1 2 3 5 7 8 9 12 17 19 21 22 27 30 37 41 47 52 57 63 72 85 97 107 117 129 147 162 197 217 261 272 297 304 327 437 547 597 611 657 822 918
823 4 11 56 115 410 823
824 824
825 0 1 2 3 6 7 9 12 14 15 17 20 26 27 31 33 42 43 48 55 57 65 66 82 84 87 89 99 112 113 135 142 150 167 171 177 201 204 227 252 258 273 287 303 337 342 345 388 411 432 457 490 507 519 577 609 664 687 762 779 825 867 983
826 1 614 826
827 2 4 7 11 32 67 80 163 350 412 578 703 827
828 0 3 274 551 828
829 1 5 10 13 23 29 49 61 101 205 413 829
830 1 2 4 5 7 11 13 14 17 25 28 31 32 37 46 53 59 65 67 77 82 95 109 116 121 133 137 152 167 193 214 235 242 245 269 277 307 337 389 431 473 487 493 524 557 592 617 677 781 830 865 949 977
831 0 3 10 23 36 75 136 188 275 379 414 570 831
832 2 7 8 19 52 107 110 164 223 331 562 832
833 1 8 16 19 35 41 73 128 206 259 358 415 521 719 833
834 0 1 3 4 6 9 11 15 18 24 25 28 33 39 51 59 60 81 86 90 105 121 123 175 183 186 214 249 264 276 353 369 375 431 531 555 620 648 753 798 834 865
835 2 7 416 496 835 995
836 836
837 0 1 2 3 4 5 7 9 11 12 17 18 21 25 27 32 37 38 39 53 57 58 67 79 81 102 117 119 120 137 161 165 180 202 207 241 243 277 284 302 325 363 407 417 424 485 489 571 607 612 729 817 837 851 858 912 981
838 1 5 26 55 113 229 310 623 838
839 20 43 106 215 418 839
840 0 2 3 7 12 27 248 278 499 559 750 840
841 1 4 11 25 208 356 419 715 841
842 1 2 7 10 14 17 23 31 34 49 62 65 71 82 127 145 166 167 182 218 257 335 337 367 439 478 626 673 737 842 881 959
843 0 3 6 8 15 19 30 44 63 91 96 138 195 226 279 420 455 514 684 843
844 4 8 10 11 19 23 74 88 94 118 140 151 179 191 239 283 676 844 998
845 1 2 5 7 13 17 22 37 47 50 77 97 98 103 197 199 209 262 397 401 421 502 527 805 845
846 0 1 3 5 9 13 21 29 45 76 93 155 234 280 313 471 563 629 846 945
847 2 7 14 22 31 47 82 167 422 847
848 4 11 20 34 43 71 158 178 256 319 359 515 848
849 0 1 3 9 40 56 68 83 115 126 139 169 174 210 233 255 281 351 423 513 705 849
850 1 2 7 17 124 251 505 632 850
851 4 11 58 119 424 851
852 0 2 3 6 7 12 15 16 27 35 42 54 64 87 92 111 131 168 187 198 282 332 339 358 399 567 600 667 719 852
853 1 5 104 211 425 853
854 1 5 8 19 26 41 55 85 113 229 316 635 854
855 0 2 3 4 7 8 10 11 12 18 19 23 27 30 32 36 39 52 62 63 67 70 74 75 88 102 107 127 140 143 151 162 179 192 207 216 228 270 283 327 362 382 387 426 435 452 459 508 543 712 727 767 800 855 907 946 998
856 856
857 1 2 7 10 17 23 40 49 62 83 127 169 194 212 257 391 427 556 785 857 982
858 0 1 3 4 9 11 18 25 38 39 79 81 120 161 243 284 489 571 638 858
859 14 31 148 299 428 859
860 2 7 254 511 860
861 0 1 3 5 6 9 13 15 21 24 28 29 33 45 51 59 69 80 90 93 105 121 141 163 183 213 245 246 276 285 329 369 429 493 495 555 661 741 744 834 861 989 993
862 1 2 4 5 7 11 13 17 20 25 32 37 43 53 67 77 89 109 112 137 158 170 181 227 277 319 343 365 457 557 641 689 802 862 917
863 430 863
864 0 3 14 31 48 99 286 575 864
865 1 2 4 7 8 11 17 19 25 28 32 41 44 52 59 67 74 91 107 121 137 151 152 185 214 217 232 305 307 326 338 382 431 467 514 617 655 679 767 865 937
866 1 8 19 41 76 155 313 644 866
867 0 2 3 7 12 26 27 55 84 142 171 287 432 867
868 10 23 64 131 868
869 1 4 5 11 25 46 50 53 95 103 106 193 209 215 368 389 421 433 739 760 869
870 0 1 2 3 5 6 7 9 10 12 15 17 21 22 23 27 33 36 37 42 47 49 57 62 69 72 75 87 94 97 101 114 117 127 147 153 177 191 192 197 222 231 257 288 297 309 322 357 385 387 447 465 482 517 579 582 597 647 773 777 870 897 933 967 972
871 16 20 35 43 134 271 358 434 719 871
872 2 4 7 11 22 32 47 67 122 172 247 347 872
873 0 1 3 9 70 143 216 289 435 873
874 1 650 874
875 2 7 436 520 875
876 0 3 4 8 11 14 18 19 30 31 39 48 63 74 99 116 151 184 228 235 290 354 371 459 558 583 711 876
877 1 2 5 7 8 13 17 19 37 41 52 77 85 107 173 217 437 877
878 1 5 13 29 38 61 79 161 325 653 878
879 0 3 4 6 11 15 18 34 39 46 60 68 71 95 108 123 139 144 210 219 256 291 330 423 438 494 515 636 663 774 879 991
880 2 7 260 523 880
881 1 10 14 23 31 49 65 218 439 881
882 0 1 2 3 7 9 12 17 27 56 57 115 174 233 292 351 587 656 705 882
883 4 10 11 23 26 55 88 179 200 374 403 440 751 883
884 884
885 0 1 2 3 5 7 9 12 17 20 21 27 34 37 43 57 66 71 89 108 112 117 135 145 181 182 219 227 273 293 342 367 441 457 526 549 552 687 737 848 885 917
886 1 4 5 11 25 53 124 251 328 505 659 886
887 2 7 8 19 52 86 107 175 238 442 479 887 976
888 0 3 6 8 15 19 24 30 51 63 78 96 159 195 294 591 888
889 1 220 443 889
890 1 2 4 7 11 16 17 25 32 35 44 67 73 91 92 130 137 185 187 232 263 326 358 377 467 529 655 662 719 890 937
891 0 3 146 295 444 891
892 2 7 28 40 59 83 152 176 212 307 355 427 892
893 1 4 5 11 13 14 25 29 31 53 61 65 109 116 125 133 154 221 235 269 311 445 473 541 625 893 949
894 0 1 3 5 9 10 13 20 21 23 36 43 45 49 66 75 89 101 135 153 164 181 205 273 296 309 331 365 498 549 595 621 665 894 999
895 2 7 22 47 104 211 446 532 895
896 10 23 26 28 55 59 100 203 374 400 751 803 896
897 0 1 2 3 4 6 7 9 11 12 15 17 18 22 25 27 32 33 39 42 47 57 60 67 72 81 87 97 102 123 137 147 172 177 207 222 249 297 312 347 380 417 447 522 627 697 763 897
898 1 8 14 19 31 41 50 58 65 103 119 184 209 241 371 580 668 745 898
899 8 19 38 79 448 899
900 0 2 3 4 7 11 12 18 27 32 39 40 67 83 102 126 207 212 255 266 298 427 535 599 642 804 900
901 1 5 110 223 449 901
902 1 2 5 7 17 37 178 334 359 671 721 902
903 0 3 148 299 450 903
904 4 11 190 383 904
905 1 2 7 17 224 451 538 905
906 0 1 3 6 9 15 33 98 199 300 401 603 674 906
907 2 4 7 10 11 23 32 62 67 88 127 179 452 907
908 20 43 56 115 908
909 0 1 3 5 8 9 10 13 16 19 21 23 30 35 36 41 45 49 54 63 73 75 85 101 111 129 140 149 153 173 205 206 225 244 261 283 301 309 358 415 426 453 491 525 569 621 624 719 738 833 855 909 985
910 1 2 5 7 8 13 14 17 19 29 31 37 41 52 65 77 80 82 85 107 133 157 163 167 173 184 217 269 329 337 349 371 412 437 541 661 677 745 827 877 910 932
911 4 11 386 454 775 911
912 0 2 3 7 12 26 27 44 55 58 84 91 119 138 142 171 180 232 279 287 302 363 432 467 607 702 867 912
913 1 226 455 913
914 1 4 11 25 128 259 521 680 914
915 0 2 3 6 7 12 14 15 24 27 31 42 48 51 82 87 99 132 150 167 252 267 303 456 507 544 762 915
916 34 71 916
917 1 2 5 7 17 20 37 43 89 112 181 227 457 917
918 0 1 3 4 5 9 11 18 21 25 39 46 53 81 95 144 165 193 291 304 340 389 585 611 683 918
919 38 64 79 131 458 919
920 2 7 8 10 19 22 23 47 52 62 68 107 122 127 139 140 247 272 283 322 352 547 647 707 712 778 920
921 0 1 3 4 8 9 11 18 19 25 30 39 41 63 74 81 129 151 228 305 459 921
922 1 2 7 10 17 22 23 34 47 49 50 62 71 97 103 127 145 182 209 257 262 322 367 478 527 647 686 737 922 959
923 28 59 86 175 460 923
924 0 3 6 15 100 203 306 615 924
925 1 2 4 5 7 11 13 17 25 26 29 32 37 53 55 67 76 77 109 113 137 142 155 157 200 221 229 277 287 313 392 403 461 550 557 577 629 787 809 925
926 1 5 13 170 343 689 926
927 0 2 3 7 12 14 27 28 31 48 59 82 90 99 152 160 167 183 252 307 323 462 486 507 524 812 927 975
928 4 11 16 35 46 70 95 130 143 263 358 508 719 928
929 1 230 463 929
930 0 1 2 3 7 9 12 17 27 57 136 275 308 414 553 619 692 831 930
931 8 19 20 43 118 239 250 464 503 931
932 2 4 7 8 11 14 19 31 32 52 67 74 82 107 116 151 167 184 196 235 371 382 395 592 767 932 992
933 0 1 3 5 6 9 10 15 21 23 33 36 49 69 75 101 114 153 231 309 465 933
934 1 5 346 695 934
935 2 4 7 10 11 23 32 40 62 64 67 83 88 127 131 179 212 298 332 427 452 466 556 599 667 868 907 935
936 0 3 310 623 936
937 1 2 7 17 44 91 185 232 467 937
938 1 698 938
939 0 3 4 11 18 39 154 311 398 468 799 939
940 2 7 20 38 43 79 112 202 227 278 407 559 940
941 1 5 13 26 55 56 94 113 115 191 229 233 385 461 469 773 941
942 0 1 2 3 4 5 6 7 8 9 11 12 13 15 17 18 19 21 24 25 27 29 30 32 33 37 39 41 42 45 51 52 53 57 60 61 63 67 69 74 77 81 85 87 93 96 102 105 107 109 117 123 125 129 132 137 141 151 157 162 165 173 177 186 189 195 207 213 217 221 228 237 249 253 261 267 277 285 294 305 312 317 327 333 349 357 375 381 382 393 417 429 437 445 459 477 492 501 525 537 557 573 591 613 627 637 657 669 690 701 717 753 765 767 789 837 861 877 893 921 942 957 987
943 8 19 40 83 470 943
944 14 31 80 163 944
945 0 1 2 3 7 9 12 17 22 27 47 57 72 76 97 110 147 155 223 234 297 313 336 392 449 471 562 675 787 945
946 1 4 10 11 23 25 49 70 88 98 143 179 199 289 361 401 508 704 946
947 2 7 16 22 35 47 92 146 187 295 358 472 719 742 947
948 0 3 10 23 36 75 106 215 314 324 631 651 948
949 1 4 5 11 14 25 31 53 65 116 133 235 473 949
950 1 2 5 7 17 37 68 139 281 352 565 707 950
951 0 3 6 15 50 103 156 315 474 951
952 2 7 188 379 952
953 1 4 8 11 19 25 34 41 71 74 145 151 236 256 305 404 475 515 811 953
954 0 1 3 8 9 19 20 26 28 30 41 43 55 59 63 66 84 89 90 113 121 129 135 171 183 250 273 316 338 345 369 503 635 664 679 710 756 896 954
955 2 7 476 568 955
956 4 11 134 271 956
957 0 1 2 3 5 7 9 12 13 17 21 27 29 37 45 57 61 77 93 117 157 189 237 317 477 957
958 1 5 13 28 59 121 176 245 355 493 713 958
959 10 23 34 44 58 71 91 119 478 608 790 959
960 0 2 3 4 6 7 11 12 15 18 27 32 38 39 42 60 67 79 87 102 104 120 123 202 207 211 243 284 312 318 366 407 532 571 612 627 639 735 746 858 960
961 1 10 14 23 31 49 65 166 218 238 335 439 479 673 881 961
962 1 2 7 17 190 383 716 769 962
963 0 3 4 11 18 20 39 43 66 135 158 319 480 963
964 8 19 128 259 964
965 1 2 5 7 8 17 19 37 41 52 85 107 118 217 239 437 481 574 602 965
966 0 1 3 5 9 14 16 21 31 35 48 54 65 73 99 111 133 149 201 225 320 358 405 453 643 719 966
967 2 4 7 11 32 46 56 67 94 95 115 191 242 292 410 482 487 587 676 823 967
968 968
969 0 1 3 6 9 15 24 33 51 78 105 159 240 321 483 969
970 1 2 4 7 11 17 22 25 26 32 47 55 67 97 113 136 137 142 172 200 275 287 347 403 553 577 692 697 722 809 970
971 484 971
972 0 2 3 7 10 12 22 23 27 36 47 62 72 75 127 147 192 322 387 647 972
973 1 5 13 58 119 241 485 973
974 1 4 5 10 11 13 23 25 29 49 53 88 101 109 179 205 221 361 413 725 974
975 0 2 3 7 8 12 19 27 30 50 52 63 103 107 156 160 162 262 315 323 327 486 527 580 792 812 975
976 8 19 86 175 976
977 1 2 4 7 11 17 20 25 32 43 46 67 89 95 112 124 137 158 193 227 242 251 319 457 487 505 632 641 802 886 977
978 0 1 3 6 9 14 15 31 33 40 48 65 83 99 106 126 150 169 201 215 255 303 324 384 433 513 609 651 728 771 978
979 488 979
980 2 7 290 583 980
981 0 1 3 4 5 9 11 18 21 25 38 39 53 79 81 120 161 165 243 284 325 416 489 571 835 858 981
982 1 2 5 7 17 37 194 364 391 731 785 982
983 14 26 31 55 490 983
984 0 3 4 11 18 39 44 91 138 279 326 655 984
985 1 2 7 10 16 17 23 28 35 49 59 62 73 92 121 127 152 187 244 257 307 358 377 400 491 586 617 719 803 985
986 1 8 19 20 40 41 43 64 83 89 131 169 250 265 470 503 734 943 986
987 0 2 3 6 7 8 10 12 15 19 23 27 30 36 42 52 62 63 75 87 96 107 114 127 140 162 192 195 224 231 283 327 387 426 451 492 582 678 712 855 987
988 4 11 208 419 988
989 1 5 13 28 29 59 121 245 493 989
990 0 1 2 3 5 7 9 12 13 17 21 27 34 37 45 57 71 77 108 117 145 182 219 237 293 328 367 441 552 589 659 737 885 990
991 4 11 68 139 494 991
992 2 7 196 395 992
993 0 1 3 9 80 163 246 329 495 993
994 1 740 994
995 2 4 7 11 14 22 31 32 47 67 82 116 167 172 235 347 422 496 592 847 995
996 0 3 6 15 24 34 51 71 108 219 330 663 996
997 1 2 5 7 8 17 19 22 37 41 47 52 85 97 107 122 197 217 247 268 272 437 497 539 547 997
998 1 4 5 8 10 11 19 23 25 41 49 53 74 85 88 101 140 151 179 283 305 361 370 569 613 725 743 998
999 0 3 26 55 84 100 164 171 203 306 331 498 615 999
