0 16
1 14
2 0 6
3 2
4 2 22
5 0 14 48
6 80
7 8 118
8 0 2 8 12 30 52 162
9 2 40 212
10 268
11 0 6 34 108 330
12 398
13 2 16 22 92 472
14 0 2 12 34 108 182 552
15 638
16 730
17 0 274 828
18 2 8 14 52 82 184 932
19 2 8 16 52 92 206
20 0 6 24 40 126 384
21
22 14 80
23 0 2 12 100 306 512
24 2 334
25
26 0 658
27
28 2 458
29 0 2 6 8 12 22 30 42 52 72 96 162 222 272 492 822
30 8 238
31
32 0 16 50 54 156
33 2 640
34 2 680
35 0 14 48 68 210
36
37
38 0 2 6 12 16 22 42 54 72 92 168 222 282 472 852
39 2 14 50 82 262 898
40 8 428
41 0 8 30 148 450
42
43 2
44 0 2 12 380
45
46 58 100
47 0 6 24 78 240 726
48 2 34 182
49 2
50 0
51 8 16 34 206 404 700
52 8 14 40 184 470 728
53 0 2 12 554
54 2 22 344
55
56 0 6 14 48 58 150 180 546
57 16 506
58 2
59 0 2 12 688
60 68 148
61
62 0 8 30 344
63 2 8 22 40 52 212 272 470
64 2
65 0 6
66
67
68 0 2 12 916
69 2 14 82 164 832
70 16 766
71 0
72
73 2 8 14 52 82 184 286 932
74 0 2 6 8 12 24 30 42 52 96 118 132 162 294 360 492 602
75 94 170
76 16 904
77 0
78 2
79 2 22 122 146 742
80 0
81
82
83 0 2 6 12 42 454
84 2 8 52 380
85 8 34 50 404 580
86 0 14 48 430
87 94 230
88 2 22 34 122 182 622 922
89 0 2 12 16 54 80 92 246 282 412
90 14
91
92 0 6 50 156 474
93 2
94 2
95 0 8 16 30 40 54 126 206 470 624 814
96 8
97
98 0 2 12
99 2
100
101 0 6 24
102
103 2 14 82 370
104 0 2 12 22 72 428
105 80 394
106 8 40 68 470 778
107 0 8 14 30 48 58 180 184 558 668
108 2 16 92 364
109 2
110 0 6
111
112
113 0 2 12 22 72 506
114 2 16 92 406
115
116 0
117 8 58 668
118 2 8 52 754
119 0 2 6 12 42 938
120 14 146 286
121
122 0 34 108 398
123 2
124 2 14 82 538
125 0 34 108 418
126 100 458
127 16
128 0 2 6 8 12 24 30 42 52 78 96 118 132 162 294 360 402 492 602 888
129 2 8 22 52 178 272 902
130
131 0 68 210 238 720
132
133 2 16 92 554
134 0 2 12
135
136
137 0 6 14 48 150 364
138 2 22 40 50 212 262
139 2 8 52
140 0 8 30
141 14
142
143 0 2 12
144 2
145 50
146 0 6 16 54 168 370
147
148 2
149 0 2 12 40 100 126 212 306 512 642
150 8
151 8
152 0 16 54
153 2
154 2 14 22 82 164 422 832
155 0 6 24
156 170 418
157
158 0 2 12 14 48 82 252 290 876
159 2 34 182 406
160 190 394
161 0 8 30
162 8 34 190 404
163 2 22
164 0 2 6 12 42
165 16
166
167 0
168 2 58 274 302
169 2
170 0
171 14 16 268 320
172 8 80 94 910
173 0 2 6 8 12 30 42 52 96 162 178 492 540 902
174 2
175 14
176 0
177 68
178 2 58 302 308
179 0 2 12 22 72
180
181 40
182 0 6 24
183 2 8 52
184 2 8 16 52 92 94 206 482
185 0
186
187
188 0 2 12 14 22 48 72 80 82 246 252 412 422
189 2
190 16
191 0 6 50 156 226 474 684
192 14 40 148 728
193 2
194 0 2 8 12 30 52 162 680
195 8 118 938
196 34
197 0
198 2 50 262 440
199 2 34 182 638
200 0 6
201 334 356
202 68
203 0 2 12 16 54 92 282 430
204 2 22 122 994
205 8 14 184 670
206 0 8 30
207
208 2
209 0 2 6 12 14 16 24 42 48 54 78 82 92 132 150 168 252 282 320 402 456 510 762 852 966
210
211 148 880
212 0
213 2 22 122
214 2
215 0
216 8
217 8
218 0 2 6 12 42
219 2
220
221 0
222 14 16 320 454
223 2
224 0 2 12 40 126 212 230 642 696
225
226 14
227 0 6 8 30 96
228 2 8 16 52 92 146 206 742
229 2 22 58 100 302 512
230 0
231
232
233 0 2 12 34 108 182 290 552 876
234 2
235 40
236 0 6 24 34 108 164 330 498 996
237 308 538
238 2 8 22 52 272 614
239 0 2 8 12 14 30 48 52 58 82 162 180 184 252 302 558 668 912 932
240
241 16
242 0
243 2 14 82
244 2 50 262 670
245 0 6
246
247 16
248 0 2 12 68 170 210 352 516 862
249 2 8 52 118 304 602
250 8
251 0 50 156
252 100
253 2
254 0 2 6 12 22 42 72 222 856
255 80
256 14
257 0
258 2
259 2
260 0 8 14 16 30 48 54 184 206 320 358 558 624 966
261 8
262
263 0 2 6 12 22 24 42 72 132 222 304 672 918
264 2
265
266 0 16 54
267 40
268 2
269 0 2 12 94 146 288 444 482 742
270 34
271 8 80 238 910
272 0 6 8 30 96
273 2 14 34 68 82 182 352 626
274 2
275 0
276
277 14
278 0 2 12 40 126 212 356 642
279 2 16 22 92 472 488
280 464 500
281 0 6 94 268 288 810 870
282 8
283 2 8 52
284 0 2 12
285 16
286
287 0
288 2 22
289 2
290 0 6 14 24 48 58 78 150 180 240 456 546
291
292 446 566
293 0 2 8 12 30 52 162
294 2 8 14 52 82 184 274 932
295
296 0
297 50
298 2 16 92
299 0 2 6 12 42
300 58
301
302 0
303 2
304 2 8 16 22 50 52 92 206 262 272 472 580
305 0 8 30
306
307 14 34 446 626
308 0 2 6 12 42
309 2
310 34 40 178
311 0 14 48
312
313 2 22
314 0 2 12
315 8
316 8 118
317 0 6 16 24 54 168 510 584
318 2
319 2 68 352 856
320 0 230 436 696
321 40 164
322
323 0 2 12 16 54 92 282
324 2 14 82
325
326 0 6 8 30 96
327 8
328 2 14 82
329 0 2 12 22 72 122 170 372 516 622 862
330
331
332 0 100 306
333 2
334 2
335 0 6
336 16
337 8
338 0 2 8 12 22 30 52 72 80 122 162 246 272 372 412 822 910
339 2
340
341 0 14 48
342 16 358 968
343 2 148 464 752
344 0 2 6 12 24 34 42 68 108 132 182 210 330 352 552 636 996
345 14
346
347 0 34 108
348 2 8 52
349 2 8 52
350 0 50 156
351 58
352
353 0 2 6 12 40 42 126 190 212 384 576 642 962
354 2 22 80 178 412 902
355 16 100 190
356 0
357 50
358 2 14 82
359 0 2 8 12 30 52 162
360 8
361 16 58 334
362 0 6 14 48 148 150 286 450 864
363 2 22
364 2 40 212
365 0
366 94
367
368 0 2 12
369 2
370 8 118
371 0 6 8 24 30 78 96 294 460 888
372 238
373 2
374 0 2 12 16 54 92 282
375 14
376 488 860
377 0 146 444 950
378 2 94 482 880
379 2 14 22 82 422
380 0 6 16 54 168
381 8 34 404
382 8
383 0 2 12
384 2 34 182
385
386 0
387 590 754
388 2 22
389 0 2 6 12 42
390 68
391 500 908
392 0 8 14 30 48 184 558 818
393 2 8 16 52 92 206 440
394 2
395 0
396 14 40 640 728
397
398 0 2 6 12 24 42 132
399 2 16 92
400
401 0 344 460
402 688 698
403 2 8 50 52 164 262 580 832
404 0 2 8 12 22 30 52 72 162 272 590 822
405
406
407 0 6 40 126 384
408 2
409 2 14 82 286 344
410 0 50 156
411
412 16 58 436
413 0 2 12 14 22 48 72 82 252 398 422
414 2 8 52
415 8 68 658 778
416 0 6
417
418 2 16 34 92 146 182 700 742
419 0 2 12
420 226
421 34 80 170
422 0 58 180
423 2
424 2
425 0 6 8 24 30 96 294
426 8 14 184
427 380
428 0 2 12
429 2 22
430 14
431 0 16 54
432
433 2
434 0 2 6 12 42
435 100
436 8
437 0 8 16 30 54 80 118 206 246 360 624 910
438 2 22
439 2 40 212
440 0
441
442 268
443 0 2 6 12 14 42 48 82 150 252 762 766
444 2
445 274
446 0
447 8 14 184
448 2 8 52
449 0 2 12
450 16 40 740 814
451 290
452 0 6 24 78
453 2
454 2 22 122
455 0 34 108
456 16 50 616
457 230
458 0 2 8 12 30 34 52 100 108 162 182 306 404 512 552
459 2 8 52
460 14
461 0 6 68 210 636 994
462
463 2 22 50 94 122 262 482
464 0 2 12 14 48 82 252
465
466 584
467 0 380 566
468 2
469 2 8 16 52 92 206 628
470 0 6 8 30 96
471 428
472
473 0 2 12 58 180 302 730 912
474 2
475 16 94 364
476 0 370 604
477 14
478 2
479 0 2 6 12 22 24 42 72 132 222 672
480 8
481 8 14 184
482 0 40 126
483 2 58 302
484 2
485 0
486 68
487
488 0 2 6 12 16 22 42 54 72 92 164 168 222 282 472 498 832 852
489 2 308 458
490
491 0 8 30 118 178 360 540
492 8 34 404
493 2 40 212
494 0 2 12 14 16 48 54 82 92 148 252 282 320 450 752 966
495 34
496
497 0 6
498 2 14 82
499 2
500 0
501
502 8 170 394
503 0 2 8 12 30 52 162
504 2 22 80 364 412
505
506 0 6 24
507 16
508 2
509 0 2 12 50 156 262 792 974
510
511 14
512 0 238 720
513 2 8 16 22 52 92 148 206 272 472 752
514 2 8 52
515 0 6 14 48 150
516 50
517
518 0 2 12
519 2 370 430
520 80
521 0
522
523 2 398 406
524 0 2 6 8 12 30 42 52 96 162 492
525 8 40 470
526 16 146 290
527 0
528 2 14 82
529 2 22 34 182 904 922
530 0
531
532 14 16 34 68 320 626 700
533 0 2 6 12 24 42 78 132 240 402 698
534 2 58 302
535 8 178 428
536 0 8 30 40 126 470 604
537
538 2 22 100 334 512
539 0 2 12
540 454
541 740
542 0 6
543 2
544 2 58 302
545 0 14 16 48 54 320 916 966
546 8 190 418
547 8
548 0 2 12 190 308 576 930 962
549 2 14 82
550
551 0 6 16 54 168
552 268
553 2 230 784
554 0 2 12 22 72
555
556 304
557 0 8 30 68 210 394 778
558 2 8 52 118 602
559 2
560 0 6 24 94 288 356 870
561 100
562 14 50 898
563 0 2 12 22 72
564 2 16 92
565
566 0 14 34 48 108 506 626
567 146
568 2 8 40 52 212 406 470
569 0 2 6 8 12 30 34 42 50 52 96 108 156 162 182 262 330 404 474 492 552 580 792
570 16 164 304
571 274
572 0 94 288
573 2
574 2
575 0
576 616
577 418
578 0 2 6 12 42
579 2 8 14 22 40 52 82 122 184 212 272 422 470 728 932
580 8
581 0
582
583 2 14 16 82 92 320 628
584 0 2 12
585 614
586
587 0 6 24 80 246 458 744
588 2 22 122
589 2 16 92
590 0 8 30
591 8
592
593 0 2 12
594 2 170 862
595 58
596 0 6 14 48 150
597
598 2
599 0 2 12
600 14
601 8
602 0 8 16 30 54 206 624
603 2 34 68 80 182 352 412
604 2 22
605 0 6 58 180 546
606 34
607 748
608 0 2 12 16 54 92 282
609 2
610 554
611 0 40 126
612 8 118
613 2 8 14 22 52 82 184 238 272 422 932
614 0 2 6 12 24 42 78 132 402
615 50
616
617 0 14 48
618 2
619 2
620 0
621 16 358
622 40 50 506
623 0 2 6 8 12 30 42 52 96 162 492
624 2 8 52
625
626 0
627 16
628 2 68 352
629 0 2 12 22 72
630 14
631
632 0 6
633 2
634 2 8 14 52 82 184 932
635 0 8 30
636 430
637 356
638 0 2 12 22 72
639 2
640 16 34 700
641 0 6 24 100 306 440 924
642
643 2 34 182
644 0 2 12
645 8 148 748
646 8 16 206
647 0 14 48
648 2
649 2 226
650 0 6
651 14 286
652
653 0 2 12
654 2 22 40 212
655 164
656 0 8 30 58 180 638 668
657 8 94
658 2
659 0 2 6 12 16 42 54 92 168 282 852
660
661
662 0
663 2 22
664 2 14 82 100 148 512 752
665 0 16 40 54 126 538 814
666 58
667 8
668 0 2 6 8 12 14 24 30 42 48 50 52 82 96 132 150 156 162 184 252 262 294 456 474 492 558 580 762 792 898 932
669 2 94 482
670 80
671 0
672 178
673 2
674 0 2 12 68 210 352
675 50 146 170
676 640
677 0 6 34 108 330
678 2 8 16 52 92 206
679 2 8 22 52 118 272 454 602
680 0 34 108
681 14
682
683 0 2 12
684 2 16 92
685 14
686 0 6 80 246 744
687 658
688 2 22
689 0 2 8 12 30 52 162
690 8 230 554
691
692 0
693 2
694 2
695 0 6 24 78
696
697 16 40 814
698 0 2 12 14 48 82 252 286 334 864
699 2 68 352
700 8
701 0 8 30
702 14
703 2 16 92 358 818
704 0 2 6 12 22 42 72 122 222 372
705
706
707 0
708 2 40 212
709 2
710 0
711 8
712 8
713 0 2 6 12 22 42 72 122 222 268 372 622 810
714 2 34 182
715 14
716 0 16 54 146 178 444 540
717 34 58 680
718 2
719 0 2 12 14 48 82 252
720
721 50
722 0 6 8 16 24 30 54 96 168 206 274 294 510 624 828
723 2 8 52
724 2
725 0
726
727 58
728 0 2 12 50 156 262 792
729 2 22
730
731 0 6
732 14
733 2 8 52 118 602
734 0 2 8 12 30 52 162
735 16
736 14
737 0 164 498
738 2 22
739 2 190 962
740 0 6 40 126 384
741 16 190 446
742
743 0 2 12
744 2 8 52 100 290 512
745 8 68 778
746 0
747 464
748 2 344 964
749 0 2 6 12 14 24 42 48 82 132 150 252 456 730 762
750 688
751 34 40
752 0
753 2 14 80 82 238 412
754 2 16 22 34 92 94 182 472 482 700 922
755 0 8 30
756 8 344 446
757
758 0 2 6 12 42
759 2 436 784
760 16
761 0
762
763 2 22
764 0 2 12
765
766 8 14 94 184
767 0 6 8 30 96 100 170 306 516 924
768 2
769 2 80 412
770 0 14 48 68 210 488
771
772
773 0 2 12 16 54 92 282
774 2 50 262
775 860
776 0 6 24 78 240 726
777 8
778 2 8 52 58 302 538 668
779 0 2 12 16 22 54 72 92 282 472
780
781 50
782 0
783 2 14 40 82 212 500 728
784 2
785 0 6
786 230
787 14
788 0 2 8 12 22 30 34 52 58 72 108 162 180 182 272 302 404 552 668 822 912 922
789 2 8 52
790
791 0 34 108
792 16
793 2
794 0 2 6 12 40 42 126 212 384 642 974
795
796 148
797 0
798 2 16 92
799 2 8 52
800 0 8 14 30 48 118 184 308 360 558 930
801
802
803 0 2 6 12 24 42 132
804 2 14 22 82 422
805
806 0
807
808 2
809 0 2 12
810 8 380 464
811 8 16 206
812 0 6
813 2 22
814 2 398 988
815 0 148 450
816 68
817 14 16 320
818 0 2 12
819 2 290
820
821 0 6 8 14 30 48 96 150 184 558
822 8 164
823 2 268
824 0 2 12 146 444 742 908
825 34
826 40
827 0 50 156
828 2 34 182
829 2 22 122
830 0 6 16 24 54 168 510
831
832 8
833 0 2 8 12 30 52 162
834 2 14 50 82 262 460 898
835
836 0 16 54 80 246 440
837 40
838 2 14 22 82 122 422 988
839 0 2 6 12 42 58 180 302 546 766 912
840 638
841 68
842 0 364
843 2 8 52
844 2 8 52
845 0
846
847 100
848 0 2 6 12 42 170 274 516 828 862
849 2 16 58 92 302 370
850 380
851 0 14 48 94 288 436
852 80
853 2 178 902
854 0 2 8 12 22 30 52 72 118 162 238 272 360 602 720 822
855 8 14 16 184 206 320 614
856
857 0 6 24 78
858 2
859 2 308
860 0
861 566
862 34
863 0 2 12 22 72 94 288 304 482 918
864 2 460 964
865 8 34 146 404
866 0 6 8 30 96
867 488
868 2 14 16 82 92 320
869 0 2 12 40 126 212 642
870 100
871 364
872 0 14 48
873 2
874 2 16 92
875 0 6 334 754
876 8
877 8 304 680
878 0 2 12 226 670 684
879 2 22
880 40 50
881 0
882
883 2
884 0 2 6 12 24 42 132
885 14
886
887 0 8 16 30 50 54 68 156 206 210 580 624 778
888 2 8 22 52 272
889 2 14 82
890 0
891
892 370
893 0 2 6 12 16 42 54 92 168 282 852
894 2 500 950
895
896 0
897 178
898 2 8 52
899 0 2 8 12 30 34 52 108 162 182 394 404 552
900 58
901
902 0 6 14 34 48 108 150 330 428 626
903 2
904 2 22 164 584 832
905 0
906 14 16 320
907
908 0 2 12
909 2 8 52
910 8 58 668
911 0 6 24
912 16 40 68 814
913 2 22
914 0 2 12
915
916
917 0 670
918 2
919 2 14 80 82 356 412
920 0 6 8 30 96
921 8 118
922
923 0 2 12 14 40 48 82 126 212 230 252 642 696 728
924 2 398
925 16
926 0
927
928 2
929 0 2 6 12 22 42 72 222
930
931 8 16 206
932 0 8 30 190 406 576
933 2 50 262
934 2 190 962
935 0 80 246
936 14 34 626
937
938 0 2 6 12 22 24 42 72 78 132 222 402 672
939 2 34 182
940 14 50 170 286 898
941 0
942 8
943 2 8 52
944 0 2 12 16 54 92 282
945
946
947 0 6 148 450
948 2 94 482
949 2
950 0 16 54 100 306 458
951
952 430
953 0 2 8 12 14 30 48 52 82 162 184 252 558 932 968
954 2 8 22 52 122 272 394 622
955 40
956 0 6
957 14
958 2 68 352
959 0 2 12
960 94
961 58
962 0
963 2 16 22 92 122 472
964 2 8 52
965 0 6 8 24 30 96 294
966 40 148 428
967 418
968 0 2 12
969 2 16 92
970 14
971 0 58 180
972
973 2 34 100 146 182 512 742
974 0 2 6 12 14 42 48 82 150 252 762
975 8 118
976 8 34 404
977 0 406
978 2
979 2 22
980 0 590
981
982 16 358
983 0 2 6 12 42 68 210 352 636 904
984 2 268
985
986 0 8 30 50 156 580
987 8 14 184 286 916
988 2 16 22 92 472
989 0 2 12 164 498 832
990
991 14
992 0 6 24
993 2 50 262
994 2 238
995 0
996 356
997 8 454 590
998 0 2 8 12 30 40 52 126 162 212 418 470 642
999 2 274
