0 10 23
1 0 1 3 5 9 21
2 1 5 13
3
4 0 3 6 15
5 1 8 19 41
6 1 16 35 73
7 0 3 16 35 54 111
8 76 155
9 1 5 10 13 23 49 101 205
10 0 1 3 5 8 9 19 21 30 41 63 85 129 261
11 160 323
12 194 391
13 0 1 3 6 9 10 15 23 33 36 49 75 114 153 231 465
14 1 134 271 545
15 314 631
16 0 3 8 19 30 63 118 239 360 723
17 1 5 100 203 409 821
18 1 5 13 26 29 55 113 229 461 925
19 0 3 170 343 516
20 574
21 1 8 19 26 41 55 113 316 635
22 0 1 3 6 9 10 15 23 24 33 36 49 51 75 105 114 153 231 348 465 699
23 766
24 836
25 0 1 3 5 9 13 16 21 29 35 45 54 73 93 111 149 225 301 453 605 909
26 1 5 10 16 23 35 49 73 101 149 244 491 985
27 8 19 94 191
28 0 3 380 763
29 1 614
30 1 658
31 0 3 6 15 154 311 468 939
32 8 19 134 271
33 1 5 398 799
34 0 1 3 5 9 13 21 45 68 139 210 281 423 565 849
35 10 23 136 275
36
37 0 1 3 9 334 671
38 1 8 19 41 94 191 385
39 10 23 170 343
40 0 3 6 15 260 523 786
41 1 5 13 308 619
42 1 5 650
43 0 3 8 19 30 63 80 163 246 495 910
44 16 35 148 299
45 1 16 35 73 76 155 313
46 0 1 3 9 520
47 26 55 110 223
48 10 23 260 523
49 0 1 3 5 6 8 9 15 19 21 24 30 33 41 51 63 69 78 85 96 105 129 159 195 213 261 294 321 393 591 645 789 888
50 1 5 13 26 29 55 61 113 125 229 253 461 925
51
52 0 3 10 23 36 75 100 203 306 615
53 1
54 1 8 19 41 194 391 785
55 0 3
56
57 1 5 13 29 61 148 299 601
58 0 1 3 5 6 9 15 21 33 69 136 275 414 553 831
59
60 8 19 484 971
61 0 1 3 9 10 23 36 49 68 75 139 153 210 281 423 849 920
62 1
63 16 35 308 619
64 0 3 16 35 54 104 111 211 318 639
65 1 5 8 10 19 23 41 49 85 101 118 140 239 283 481 569 965
66 1 5 13 808
67 0 3 6 15 740
68 80 163
69 1
70 0 1 3 9
71 8 19 680
72
73 0 1 3 5 9 13 21 45 328 659 990
74 1 5 10 23 49 101 154 311 625
75
76 0 3 6 8 15 19 24 26 30 51 55 63 84 96 171 195 258 294 316 519 591 635 780 954
77 1
78 1 10 23 49 346 695
79 0 3 26 55 84 104 171 211 318 639
80
81 1 5
82 0 1 3 5 8 9 13 16 19 21 29 30 35 41 45 54 63 73 85 93 111 129 149 173 206 225 261 301 349 415 453 525 605 624 833 909
83 16 35 538
84
85 0 1 3 6 9 15 33 596
86 1
87 8 10 19 23 76 140 155 283 866
88 0 3
89 1 5 13 29 736
90 1 5
91 0 3 10 23 36 75 314 631 948
92
93 1 8 19 41 584
94 0 1 3 6 9 15 33 730
95
96
97 0 1 3 5 9 21
98 1 5 8 13 19 41 85 160 173 323 649
99
100 0 3 10 23 36 75 380 763
101 1 16 35 73 398 799
102 1 16 35 73 406 815
103 0 3 6 15 24 51 584
104 8 10 19 23 110 140 223 283
105 1 5 13 26 55 68 113 139 229 281 461 565
106 0 1 3 5 9 21
107
108 26 55 598
109 0 1 3 8 9 19 30 41 63 129 266 535 804
110 1
111
112 0 3 6 15
113 1 5 10 23 49 101 364 731
114 1 5 13 29 61 604
115 0 3 8 19 30 63 596
116
117 1 10 23 49 784
118 0 1 3 9
119
120 8 16 19 35 100 203 206 415
121 0 1 3 5 6 9 13 15 16 21 29 33 35 45 54 61 69 73 93 111 125 141 149 168 189 225 253 285 301 339 381 453 573 605 681 765 909
122 1 5
123
124 0 3 76 94 155 191 234 288 471 579
125 1
126 1 8 10 19 23 41 49 80 140 163 283 329 569 910
127 0 3
128
129 1 5
130 0 1 3 5 6 9 10 13 15 21 23 24 33 36 45 49 51 69 75 78 101 105 114 141 153 159 205 213 231 240 309 321 348 429 465 483 621 645 699 933 969
131 8 19
132 68 139 364 731
133 0 1 3 9
134 1 26 55 113 460 923
135 94 191 278 559
136 0 3
137 1 5 8 13 19 26 41 55 85 113 118 173 229 239 316 461 481 635 965
138 1 5
139 0 3 6 10 15 16 23 35 36 54 75 111 114 166 168 231 244 335 339 491 504 738
140 16 35
141 1
142 0 1 3 8 9 19 30 41 63 129 454 911
143 10 23 166 178 335 359
144
145 0 1 3 5 9 21
146 1 5 13 29
147
148 0 3 6 8 15 19 30 63 96 195 328 659 990
149 1
150 1
151 0 3 80 134 163 246 271 408 495 819
152 10 23
153 1 5 8 13 19 29 41 85 173 196 349 395 793
154 0 1 3 5 9 21
155 100 203 346 695
156 10 23
157 0 1 3 6 9 15 24 33 51 105 680
158 1 16 35 73 980
159 8 16 19 35 178 206 359 415
160 0 3 110 223 336 675
161 1 5
162 1 5 13
163 0 3 26 55 84 171 454 911
164 8 19
165 1 10 23 49
166 0 1 3 6 9 15 26 33 55 76 84 113 155 171 234 258 313 345 471 519 708 945
167
168
169 0 1 3 5 9 10 13 21 23 36 45 49 75 101 134 153 205 271 309 408 545 621 819
170 1 5 8 19 41 85 980
171 104 211 406 815
172 0 3
173 1
174 1 136 160 275 323 553 649
175 0 3 6 8 15 19 30 63 96 195 460 923
176 68 139 650
177 1 5 16 35 73 149 614
178 0 1 3 5 9 10 13 16 21 23 29 35 36 45 49 54 61 73 75 93 101 111 125 149 153 189 205 225 244 301 309 381 413 453 491 605 621 738 829 909 985
179 196 238 395 479
180
181 0 1 3 8 9 19 30 41 63 129 740
182 1 10 23 49
183
184 0 3 6 15 24 51
185 1 5 13 29 61
186 1 5 8 19 41 85 104 118 211 239 425 481 853 965
187 0 3
188 154 311 334 671
189 1
190 0 1 3 9
191 10 23
192 8 19 26 55 170 316 343 635
193 0 1 3 5 6 9 15 21 33 69
194 1 5 13
195 10 23 26 55 148 299 374 751
196 0 3 16 35 54 111
197 1 8 16 19 35 41 73 136 206 275 415 553 833
198 1
199 0 3
200
201 1 5 13
202 0 1 3 5 6 9 15 21 33 69
203 8 19 68 76 139 155 778 866
204 10 23
205 0 1 3 9
206 1
207
208 0 3 8 10 19 23 30 36 63 75 140 148 283 299 426 450 855 903
209 1 5 80 163 194 329 391 661 785
210 1 5 13 29
211 0 3 6 15 24 51 78 159 820
212 170 343 386 775
213 1
214 0 1 3 8 9 19 30 41 63 129
215 16 35
216 16 35
217 0 1 3 5 9 10 13 21 23 29 36 45 49 75 93 101 110 153 205 223 309 336 413 449 621 675 901
218 1 5
219 8 19
220 0 3 6 15
221 1 10 23 26 49 55 94 113 191 374 385 751
222 1
223 0 3 100 203 238 306 479 615 720
224 26 55
225 1 5 8 19 41 85
226 0 1 3 5 9 13 21 45
227
228
229 0 1 3 6 9 15 33
230 1 8 10 19 23 41 49 140 274 283 551 569
231 154 311 506
232 0 3 94 191 274 288 551 579 828
233 1 5 13
234 1 5 10 16 23 35 49 73 80 101 149 163 244 329 491 661 985
235 0 3 16 35 54 111
236 8 19
237 1
238 0 1 3 6 9 15 24 33 51 105
239
240 278 304 559 611
241 0 1 3 5 8 9 19 21 30 41 63 85 129 261 656
242 1 5 13 29 61
243 10 23
244 0 3
245 1 76 155 313 566
246 1
247 0 3 6 8 10 15 19 23 30 36 63 68 75 96 114 139 140 195 210 231 283 423 426 636 778 855 920
248
249 1 5 13 29 61 125
250 0 1 3 5 9 21 26 55 84 113 171 229 266 345 535 693 804
251 194 391 476 955
252 8 19
253 0 1 3 9 16 26 35 54 55 73 84 111 113 171 225 345 548 838
254 1 16 35 73
255
256 0 3 6 10 15 23 36 75 114 231 836
257 1 5
258 1 5 8 13 19 41 85 100 118 173 203 239 409 481 821 965
259 0 3
260 10 23
261 1 160 310 323 623 649
262 0 1 3 9
263 8 19
264
265 0 1 3 5 6 9 13 15 21 24 33 45 51 69 105 141 213 429 484 971
266 1 5
267
268 0 3
269 1 8 10 19 23 41 49 140 283 376 569 755
270 1
271 0 3
272 16 35 304 358 611 719
273 1 5 10 16 23 35 49 73 101 110 149 223 244 449 491 901 985
274 0 1 3 5 6 8 9 13 15 19 21 29 30 33 41 45 63 68 69 85 93 96 129 139 141 173 195 210 261 281 285 349 393 423 525 565 636 778 789 849
275
276
277 0 1 3 9
278 1 104 211 425 538
279 26 55
280 0 3 8 19 30 63
281 1 5 13 29
282 1 5 10 23 26 49 55 76 101 113 155 229 313 374 629 751
283 0 3 6 15
284
285 1 8 19 41
286 0 1 3 9 10 23 36 49 75 153
287
288 134 271 904
289 0 1 3 5 9 21
290 1 5 13
291 8 16 19 35 206 415 604
292 0 3 6 15 16 24 35 51 54 78 80 111 159 163 168 246 339 495 510 744
293 1 104 211 425 598
294 1
295 0 3 10 23 36 75
296 8 19
297 1 5 13
298 0 1 3 5 9 21
299 10 23
300
301 0 1 3 6 9 15 33
302 1 8 19 41
303 260 520 523
304 0 3
305 1 5
306 1 5 13 29 61 125 134 253 271 509 545
307 0 3 8 19 30 63 118 239 360 386 723 775
308 10 23 26 55 166 335 374 751 838
309 1
310 0 1 3 6 9 15 16 33 35 54 73 111 168 225 339 418 681 839
311 16 26 35 55 260 523 548
312 10 23 166 335 860
313 0 1 3 5 8 9 13 19 21 29 30 41 45 61 63 85 93 129 136 173 189 261 275 349 414 525 553 701 831
314 1 5
315
316 0 3
317 1 80 163 329 904
318 1 8 19 41 68 94 139 191 281 385 778
319 0 3 6 15 24 51
320
321 1 5 10 23 49 101
322 0 1 3 5 9 13 21 45
323
324 8 19 76 155 178 359 866
325 0 1 3 9 10 23 36 49 75 153
326 1 100 203 409 770
327
328 0 3 6 15
329 1 5 8 13 16 19 35 41 73 85 94 149 173 191 206 301 385 415 773 833
330 1 5 16 35 73 110 149 223 358 449 719 901
331 0 3
332 314 518 631
333 1
334 0 1 3 9 10 23 36 49 75 153
335 8 19
336 136 275
337 0 1 3 5 6 9 15 21 26 33 55 69 84 113 160 171 229 258 323 345 486 519 649 693 975
338 1 5 10 13 23 29 49 101 205 413 820
339
340 0 3 8 19 26 30 55 63 84 171 178 316 359 540 635 954
341 1
342 1
343 0 3
344
345 1 5 13 29 68 139 154 281 311 565 625
346 0 1 3 5 6 8 9 15 19 21 24 30 33 41 51 63 69 85 96 105 129 148 195 213 261 294 299 393 450 591 601 789 903
347 10 23
348 16 35
349 0 1 3 9 16 35 54 73 111 225
350 1
351 8 10 19 23 140 283
352 0 3 196 308 395 594 619 930
353 1 5
354 1 5 13
355 0 3 6 15
356
357 1 8 19 41
358 0 1 3 9
359 148 299
360 10 23
361 0 1 3 5 9 13 21 45 76 100 155 203 234 306 313 409 471 615 629 821 945
362 1 5 8 19 41 85
363 376 518 755
364 0 3 6 10 15 23 36 75 114 231
365 1 170 343 574 689
366 1 26 55 113
367 0 3 16 35 54 111
368 8 16 19 35 206 415 968
369 1 5 26 55 113 229
370 0 1 3 5 9 13 21 29 45 61 93 189
371
372
373 0 1 3 6 8 9 10 15 19 23 24 30 33 36 41 49 51 63 75 78 96 105 114 129 140 153 159 195 231 240 283 294 321 348 393 426 465 483 569 591 699 726 855 888 969
374 1 308 334 619 671
375 80 163
376 0 3
377 1 5 10 13 23 29 49 61 101 125 205 253 413 509 829
378 1 5 196 266 395 535 793
379 0 3 8 19 30 63 118 239 360 590 723
380
381 1
382 0 1 3 6 9 15 33
383
384 8 19
385 0 1 3 5 9 21 104 170 211 318 343 425 516 639 689 853
386 1 5 10 13 16 23 35 49 73 101 110 149 205 223 244 301 449 491 901 985
387 16 35
388 0 3 154 311 468 476 939 955
389 1 68 139 281
390 1 8 10 19 23 41 49 140 283 569 794
391 0 3 6 15
392 418 544 839
393 1 5 13
394 0 1 3 5 9 21
395 8 19 26 55 316 635 730
396
397 0 1 3 9
398 1 26 55 113
399 10 23
400 0 3 6 15 24 51 80 104 163 211 246 318 495 639 744 960
401 1 5 8 19 41 85
402 1 5 13 29
403 0 3 10 23 36 75 76 155 234 471
404 328 659 736
405 1 16 35 73
406 0 1 3 8 9 16 19 30 35 41 54 63 73 111 129 194 206 225 391 415 588 624 785 833
407
408 314 631 784
409 0 1 3 5 6 9 13 15 21 29 33 45 69 93 141 285
410 1 5
411 380 658 763
412 0 3 8 10 19 23 30 36 63 75 140 283 426 590 855
413 1
414 1
415 0 3 94 191 288 579 884
416 10 23 68 139 278 559 920
417 1 5 8 19 41 85
418 0 1 3 5 6 9 13 15 21 33 45 69 141
419
420 238 479
421 0 1 3 9
422 1
423 8 19
424 0 3 16 26 35 54 55 84 111 160 171 323 486 548 975
425 1 5 10 13 16 23 35 49 73 101 134 149 205 244 271 301 491 545 985
426 1 5 94 191 385 698 773
427 0 3 6 15 24 26 51 55 84 171 258 346 519 695 780
428 8 19 118 239
429 1 10 23 49 100 203 409
430 0 1 3 9
431
432
433 0 1 3 5 9 21
434 1 5 8 13 19 29 41 61 85 125 173 349 398 701 799
435
436 0 3 6 15
437 1
438 1 10 23 49
439 0 3 8 19 30 63
440 76 155
441 1 5 13 29 61
442 0 1 3 5 9 10 21 23 36 49 75 101 153 309
443 16 35 110 134 223 271
444 16 35
445 0 1 3 6 8 9 15 19 30 33 41 63 96 129 195 393
446 1
447
448 0 3 194 391 506 588
449 1 5
450 1 5 8 13 19 41 85 173
451 0 3 10 23 36 75
452 136 275
453 1 26 55 113
454 0 1 3 6 9 15 24 33 51 78 105 159 321
455 10 23
456 8 19 26 55 316 635 974
457 0 1 3 5 9 13 21 45
458 1 5 80 163 329 661 944
459
460 0 3 68 139 210 423
461 1 8 19 41
462 1 16 35 73
463 0 3 6 15 16 35 54 111 168 339
464 10 23 100 203 238 479
465 1 5
466 0 1 3 5 9 13 21 29 45 93
467 8 19
468 10 23
469 0 1 3 9
470 1
471
472 0 3 6 8 15 19 30 63 96 195
473 1 5 13 29
474 1 5
475 0 3 136 275 414 808 831
476
477 1 10 23 49 166 335 673
478 0 1 3 8 9 19 30 41 63 129
479 328 659
480 364 731 938
481 0 1 3 5 6 9 10 15 16 21 23 24 33 35 36 49 51 54 69 73 75 101 105 111 114 149 153 166 168 213 225 231 244 309 335 339 348 453 465 491 504 510 673 681 699 738 933 985
482 1 5 13 16 26 35 55 73 76 113 149 155 229 301 313 461 548 629
483 8 19 80 163 380 763 910
484 0 3
485 1 26 55 113
486 1
487 0 3 68 139 210 423
488
489 1 5 8 13 19 41 85 173
490 0 1 3 5 6 9 10 15 21 23 33 36 49 69 75 101 114 153 231 309 465 766 933
491
492 104 211
493 0 1 3 9
494 1 8 10 19 23 41 49 140 283 569
495
496 0 3
497 1 5 148 299 601 610
498 1 5 13 29 61
499 0 3 6 15 110 223 336 364 675 731
500 8 16 19 35 118 160 206 239 323 415
501 1 16 35 73
502 0 1 3 9 154 311 398 468 625 799 939
503 10 23
504 346 695
505 0 1 3 5 8 9 13 19 21 29 30 41 45 61 63 85 93 125 129 173 178 189 261 349 359 381 525 540 701 721
506 1 5
507 10 23 104 211 274 551
508 0 3 6 15 24 51
509 1 274 551 698
510 1 148 299 601
511 0 3 8 19 26 30 55 63 84 171 316 406 635 815 954
512 94 191
513 1 5
514 0 1 3 5 9 13 21 26 45 55 84 113 171 229 345 461 566 693
515
516 8 10 19 23 140 283
517 0 1 3 6 9 15 33
518 1
519 16 35 76 155 266 535
520 0 3 10 16 23 35 36 54 75 111 244 491 544 738
521 1 5 13 178 278 359 559 721
522 1 5 8 19 41 85
523 0 3 94 191 288 579
524
525 1 334 610 671
526 0 1 3 6 9 15 33
527 8 19
528
529 0 1 3 5 9 10 21 23 36 49 75 101 153 309
530 1 5 13 29
531 68 139
532 0 3 100 203 306 615
533 1 8 10 19 23 41 49 140 283 569
534 1
535 0 3 6 15 24 51 78 159
536
537 1 5 13 29
538 0 1 3 5 8 9 16 19 21 30 35 41 54 63 73 85 111 129 149 170 206 225 261 343 415 453 516 624 689 833
539 16 35
540 26 55
541 0 1 3 9 80 163 246 329 495 878 993
542 1 10 23 49
543 26 55
544 0 3 6 8 15 19 30 63 96 195
545 1 5 154 311 625 706
546 1 5 10 13 23 49 101 205
547 0 3 304 484 611 918 971
548
549 1 8 19 41 118 239 481
550 0 1 3 9
551 196 395
552
553 0 1 3 5 6 9 13 15 21 33 45 69 141
554 1 5
555 8 10 19 23 140 283
556 0 3 110 223 336 675
557 1 16 35 73
558 1 16 35 68 73 139 170 281 343 689
559 0 3 10 23 36 75
560 8 19
561 1 5 76 155 313 629
562 0 1 3 5 6 9 13 15 21 24 29 33 45 51 61 69 93 105 125 134 141 189 213 253 271 285 381 408 429 545 573 765 819 861
563
564
565 0 1 3 9
566 1 8 19 41 80 163 260 329 523 910
567 100 203
568 0 3 10 23 36 75
569 1 5 13 26 29 55 61 113 229 461 520 925
570 1 5
571 0 3 6 8 15 19 30 63 96 195
572 10 23 26 55 374 751
573 1
574 0 1 3 9 260 310 523 623 786 936
575
576 16 35
577 0 1 3 5 8 9 16 19 21 30 35 41 54 63 73 85 111 129 149 196 206 225 261 395 415 453 594 624 793 833
578 1 5 13
579 304 611
580 0 3 6 15 134 271 406 408 815 819
581 1 10 23 49
582 1 8 19 41
583 0 3
584
585 1 5 10 13 23 49 101 205
586 0 1 3 5 9 21
587 160 323
588 8 19
589 0 1 3 6 9 15 24 33 51 105
590 1
591 136 275
592 0 3
593 1 5 8 19 41 85
594 1 5 10 13 23 29 49 101 205 413
595 0 3 16 35 54 111
596 16 35
597 1 460 574 923
598 0 1 3 6 9 10 15 23 26 33 36 49 55 75 76 84 113 114 153 155 171 231 234 258 313 345 374 465 471 519 708 751 945
599 8 19 104 211 454 911
600
601 0 1 3 5 9 13 21 26 29 45 55 84 93 113 171 229 345 386 461 693 775 925
602 1 5 68 139 281 565
603 194 391
604 0 3 8 19 30 63
605 1
606 1
607 0 3 6 10 15 23 36 75 114 231
608
609 1 5 94 191 385 773
610 0 1 3 5 8 9 13 19 21 30 41 45 63 85 129 173 261 525
611 10 23
612 110 223
613 0 1 3 9
614 1 16 35 73 104 136 211 275 425 553
615 8 16 19 35 206 415
616 0 3 6 15 24 51 78 159 240 483
617 1 5 13
618 1 5
619 0 3
620 10 23 94 191 454 911
621 1 8 19 41 118 239 481
622 0 1 3 9
623
624 10 23 80 163 538
625 0 1 3 5 6 9 15 21 33 69
626 1 5 8 13 19 29 41 61 85 173 349 701
627 26 55
628 0 3
629 1 68 139 281
630 1 26 55 113
631 0 3
632 8 19
633 1 5 10 13 16 23 29 35 49 61 73 101 125 149 205 244 253 301 358 413 491 605 719 829 985
634 0 1 3 5 6 9 15 16 21 33 35 54 69 73 111 149 168 225 339 453 681 878
635 100 203
636
637 0 1 3 8 9 10 19 23 30 36 41 49 63 75 129 140 153 283 426 569 706 855
638 1 460 656 923
639
640 0 3 76 155 234 471
641 1 5
642 1 5 13
643 0 3 6 8 15 19 24 30 51 63 96 195 294 591
644
645 1 194 391 785
646 0 1 3 9 10 23 36 49 75 153 166 335 504 614 673
647 266 535
648 8 19 148 299 376 755
649 0 1 3 5 9 13 21 45 80 163 246 314 329 495 631 661 948 993
650 1 5 10 23 49 101 166 335 673 934
651
652 0 3 6 15 16 35 54 111 168 339
653 1 16 35 73
654 1 8 19 41
655 0 3
656 26 55
657 1 5
658 0 1 3 5 9 13 21 29 45 93
659 8 10 19 23 26 55 140 154 283 311 316 374 635 751
660
661 0 1 3 6 9 15 33 148 238 299 450 479 601 720 903 961
662 1
663 10 23 160 308 323 619
664 0 3
665 1 5 8 13 19 29 41 85 173 349
666 1 5
667 0 3
668
669 1 110 223 449
670 0 1 3 6 8 9 15 19 24 30 33 41 51 63 96 100 105 118 129 195 203 239 294 306 360 393 409 481 591 615 723 924
671 16 35
672 10 16 23 35 244 491
673 0 1 3 5 9 21 68 139 210 281 423 565 794 849
674 1 5 13
675
676 0 3 8 10 19 23 30 36 63 75 140 283 426 855
677 1 76 155 313
678 1
679 0 3 6 15
680 584
681 1 5 8 13 19 41 85 173
682 0 1 3 5 9 21
683
684 596
685 0 1 3 9 10 23 26 36 49 55 75 84 113 153 171 308 345 374 619 751 930
686 1 178 359 721
687 8 19
688 0 3 6 15 26 55 84 171 258 519
689 1 5 10 23 49 101
690 1 5 13 16 29 35 61 73 125 149 301 584 605
691 0 3 16 35 54 111 358 658 719
692 8 19
693 1
694 0 1 3 9
695 650
696 386 775
697 0 1 3 5 6 9 13 15 21 24 29 33 45 51 61 69 78 93 105 141 159 189 213 278 285 321 429 559 573 645 840 861
698 1 5 8 10 19 23 41 49 85 101 140 283 569
699 134 271
700 0 3 68 139 210 423
701 1
702 1 10 23 49 154 178 311 359 625 721
703 0 3 8 19 30 63
704
705 1 5 238 479 770 961
706 0 1 3 5 6 9 13 15 21 33 45 69 94 104 141 191 211 288 318 385 425 579 639 773 853 870 960
707 80 163
708
709 0 1 3 8 9 16 19 30 35 41 54 63 73 111 129 206 225 415 598 624 833
710 1 16 35 73
711 10 23 170 334 343 671
712 0 3
713 1 5 13
714 1 5 8 19 26 41 55 85 113 229 316 596 635
715 0 3 6 10 15 23 36 75 114 231
716
717 1 26 55 94 113 134 191 271 385 545
718 0 1 3 9
719 76 155
720 8 19
721 0 1 3 5 9 21 104 211 318 425 604 639 853
722 1 5 13 29
723
724 0 3 6 10 15 23 24 36 51 75 114 231 348 699
725 1 8 19 41 110 223 314 449 631
726 1
727 0 3
728 10 16 23 35 244 491
729 1 5 13 16 29 35 73 149 301 605
730 0 1 3 5 9 21 136 275 414 476 553 831 955
731 8 19 170 343 418 839
732 80 163
733 0 1 3 6 9 15 33
734 1
735 328 659
736 0 3 8 19 30 63
737 1 5 10 23 49 101
738 1 5 13 100 203 409 821 988
739 0 3
740 506
741 1 10 23 49
742 0 1 3 6 8 9 15 19 30 33 41 63 96 118 129 195 239 360 376 393 481 723 755
743 26 55
744 68 139
745 0 1 3 5 9 13 21 45
746 1 5 26 55 113 229
747 8 16 19 35 206 415
748 0 3 16 35 54 111
749 1
750 1 10 23 49 160 196 323 395 649 793
751 0 3 6 15 24 51
752 484 971
753 1 5 8 19 41 85 136 275 553
754 0 1 3 5 9 10 13 21 23 29 36 45 49 61 75 93 101 153 189 205 309 413 621 680 829
755
756 76 155
757 0 1 3 9
758 1 8 19 41
759
760 0 3 6 15
761 1 5 13 29 61 125
762 1 5
763 0 3 10 23 36 75
764 8 19
765 1
766 0 1 3 9 16 35 54 73 111 225
767 10 16 23 35 244 491
768 884 994
769 0 1 3 5 6 8 9 15 19 21 30 33 41 63 69 85 96 129 195 261 393 789
770 1 5 13
771 68 139
772 0 3 26 55 84 171
773 1 100 203 409
774 1
775 0 3 8 19 26 30 55 63 84 171 316 635 938 954
776 10 23 196 346 395 695
777 1 5 13
778 0 1 3 5 6 9 15 21 24 33 51 69 78 105 159 213 321 645
779
780 8 10 19 23 140 283
781 0 1 3 9
782 1 110 223 449
783
784 0 3 274 551 828
785 1 5 16 35 73 149
786 1 5 8 13 16 19 29 35 41 73 85 149 173 206 274 301 349 415 551 605 833
787 0 3 6 15
788 266 535
789 1 10 23 49
790 0 1 3 9 80 163 246 329 495 993
791 8 19 118 239
792 766
793 0 1 3 5 9 10 13 21 23 29 36 45 49 75 93 101 153 205 309 413 621
794 1 5 380 614 763
795
796 0 3 6 15
797 1 8 19 41
798 1 76 155 313
799 0 3 148 299 450 903
800 194 391
801 1 5 26 55 113 229
802 0 1 3 5 8 9 10 13 19 21 23 30 36 41 45 49 63 75 85 101 129 140 153 173 205 261 278 283 309 426 525 559 569 621 840 855
803 94 191
804 16 26 35 55 548
805 0 1 3 6 9 15 16 24 33 35 51 54 73 105 111 168 225 339 510 681 944
806 1 10 23 49
807
808 0 3 8 19 30 63
809 1 5 13
810 1 5 328 659 740
811 0 3
812 148 299
813 1 8 19 41 104 211 418 425 839
814 0 1 3 6 9 15 33 94 191 288 385 566 579 870
815 10 23 68 80 139 163 166 335 920
816 154 311
817 0 1 3 5 9 21
818 1 5 13 29 61 125 253 509
819 8 10 19 23 140 166 283 335 538
820 0 3
821 1
822 1
823 0 3 6 15 16 35 54 111 168 339
824 8 16 19 35 206 415
825 1 5 13 29 61
826 0 1 3 5 9 21 160 323 486 520 649 975
827 730
828 10 23 104 211 736
829 0 1 3 9 260 523 650 786
830 1 8 19 26 41 55 113 316 635
831
832 0 3 6 10 15 23 24 36 51 75 114 231 348 699
833 1 5 26 55 113 229
834 1 5 13
835 0 3 8 19 30 63 76 155 234 398 471 799 866
836 134 271
837 1 260 523
838 0 1 3 9 110 223 336 449 675
839 860
840 680
841 0 1 3 5 6 8 9 10 13 15 19 21 23 30 33 36 41 45 49 63 69 75 85 96 100 101 114 129 140 141 153 173 195 203 205 231 261 283 306 309 393 409 426 465 525 569 615 621 789 821 855 924 933
842 1 5 16 35 68 73 139 149 194 281 391 565 785
843 16 35
844 0 3
845 1 10 23 49
846 1 8 19 41
847 0 3 364 731 974
848
849 1 5
850 0 1 3 5 6 9 13 15 21 29 33 45 69 93 141 285
851
852 8 19
853 0 1 3 9 346 518 695
854 1 10 23 49 134 271 304 545 611
855
856 0 3
857 1 5 8 13 19 29 41 85 173 349
858 1 5 10 23 49 101
859 0 3 6 15 24 26 51 55 78 84 154 159 171 240 258 311 468 483 519 780 939
860
861 1 16 35 73
862 0 1 3 9 16 26 35 54 55 73 84 111 113 171 225 334 345 548 671
863 8 19 118 239 836
864
865 0 1 3 5 9 21
866 1 5 13 364 380 731 763
867 10 23 178 359 476 955
868 0 3 6 8 15 19 30 63 96 195
869 1 136 275 553
870 1
871 0 3 10 23 36 75
872
873 1 5 13 80 163 329 661
874 0 1 3 5 8 9 19 21 30 41 63 85 129 261
875
876 100 203
877 0 1 3 6 9 15 33 76 155 234 313 471 708 808 945
878 1
879 8 19
880 0 3 10 16 23 35 36 54 75 111 244 491 738
881 1 5 16 35 73 149
882 1 5 13 29 61
883 0 3 178 359 540
884 10 23 170 343 518
885 1 8 19 41
886 0 1 3 6 9 15 24 33 51 68 105 139 210 281 304 423 611 636 849 918
887 310 623
888 26 55
889 0 1 3 5 9 13 21 29 45 61 93 125 189 253 381 509 765
890 1 5 8 19 41 85
891 26 55
892 0 3 136 275 414 831
893 1 10 23 49
894 1 598 994
895 0 3 6 15 110 223 336 675
896 8 19
897 1 5 10 23 49 101
898 0 1 3 5 9 13 21 45 80 163 246 329 495 604 661 993
899 16 35
900 16 35 94 191 656
901 0 1 3 8 9 19 30 41 63 129
902 1 238 479 961
903 398 799
904 0 3 6 15 170 343 516 784
905 1 5 13
906 1 5 10 23 49 101
907 0 3 8 19 30 63
908
909 1
910 0 1 3 9 10 23 36 49 75 153
911 94 191
912 8 19 118 239 934
913 0 1 3 5 6 9 15 21 24 33 51 68 69 105 139 160 210 213 281 323 423 486 565 636 649 849 975
914 1 5 13 29 76 155 313 629 988
915
916 0 3 266 535 804
917 1 26 55 113
918 1 8 16 19 35 41 73 206 415 833
919 0 3 10 16 23 35 36 54 75 111 244 491 738
920 26 55 104 211 406 815
921 1 5 13 29
922 0 1 3 5 6 9 15 21 33 69
923 8 10 19 23 140 283
924 740
925 0 1 3 9
926 1
927 968
928 0 3
929 1 5 8 19 41 85
930 1 5 13
931 0 3 6 15
932 10 23
933 1
934 0 1 3 8 9 19 30 41 63 129
935 104 211
936 10 23
937 0 1 3 5 9 13 16 21 35 45 54 73 111 149 225 301 453 909
938 1 5 16 35 73 149
939 544
940 0 3 6 8 15 19 24 30 51 63 78 96 159 195 294 591 888
941 1
942 1 574
943 0 3
944 100 203
945 1 5 8 10 19 23 41 49 85 101 140 283 569
946 0 1 3 5 9 13 21 26 29 45 55 61 84 93 113 125 171 189 229 238 345 381 461 479 693 720 925 961
947
948
949 0 1 3 6 9 10 15 23 26 33 36 49 55 75 84 113 114 153 171 196 231 258 345 374 395 465 519 594 751 793
950 1 148 299 601
951 8 19 110 223
952 0 3
953 1 5 13 29 61
954 1 5
955 0 3
956 8 16 19 35 76 80 155 163 206 415 866 910
957 1 16 35 68 73 139 281 506
958 0 1 3 6 9 10 15 23 33 36 49 75 114 153 231 465
959
960
961 0 1 3 5 9 21
962 1 5 8 10 13 19 23 41 49 85 101 140 173 205 283 569
963 148 299
964 0 3
965 1
966 1 314 631
967 0 3 6 8 15 19 24 30 51 63 96 195 294 591
968
969 1 5 13
970 0 1 3 5 9 21
971 10 23
972 590
973 0 1 3 8 9 19 30 41 63 129 134 154 271 311 408 468 545 625 819 939
974 1 308 619
975 10 16 23 26 35 55 196 244 374 395 491 548 751
976 0 3 6 15 16 35 54 111 168 339
977 1 5
978 1 5 8 13 19 26 29 41 55 85 113 173 229 278 316 349 461 559 635 925
979 0 3 100 203 306 615
980
981 1 80 163 329
982 0 1 3 9
983
984 8 10 19 23 68 118 139 140 166 239 283 335 778 920
985 0 1 3 5 6 9 13 15 21 29 33 45 69 93 141 285
986 1 5
987
988 0 3 10 23 36 75 166 335 504
989 1 8 19 41 160 323 406 649 815
990 1 386 775
991 0 3 134 271 408 819
992
993 1 5 76 155 313 629
994 0 1 3 5 6 9 13 15 16 21 24 33 35 45 51 54 69 73 105 111 141 149 168 213 225 301 339 358 429 453 510 681 719 909
995 8 16 19 35 206 415
996 308 619
997 0 1 3 9 10 23 36 49 75 94 153 191 194 288 385 391 579 588 785
998 1
999
