0 1 5 13 29
1 0 2 3 7 12 27
2 8 19
3 1 5
4 0 1 3 9
5 16 35
6 2 4 7 11 32 67
7 0 1 3 6 9 15 24 33 51 105
8 1 5 16 35 73 149
9 98 199
10 0 3 40 83 126 255
11 1 2 5 7 13 17 29 37 61 77 157 317
12 1 94 191 385
13 0 3 4 8 11 18 19 30 39 63 74 151 228 459
14 268 539
15 1 154 311 625
16 0 1 2 3 5 6 7 9 12 13 15 17 21 27 33 37 42 45 57 69 77 87 117 141 177 237 357 717
17 406 815
18 458 919
19 0 1 3 5 9 21 40 83 126 169 255 341 513
20 1 4 11 25 38 79 161 284 571
21 2 7 124 251 632
22 0 3 230 463 696
23 1 380 763
24 1 5 8 16 19 35 41 73 85 149 206 415 833
25 0 3 6 15 98 199 300 603 906
26 2 7 194 391 982
27 1 4 5 11 13 16 25 35 53 73 109 130 149 263 301 529
28 0 1 3 9 188 379 570 761
29
30
31 0 1 2 3 7 9 12 17 27 44 57 91 138 185 232 279 467 561 702 937
32 1 5 13 29 44 61 91 185 373 749
33
34 0 3 4 6 11 15 18 24 39 51 60 78 123 159 186 240 375 483 564
35 1 5 8 19 38 41 79 85 161 325 448 899
36 1 2 7 17 188 379 761 952
37 0 3 670
38
39 1
40 0 1 3 5 9 21 194 391 588 785
41 2 4 7 11 32 67 68 139 352 494 707 991
42
43 0 1 3 5 6 9 13 15 16 21 29 33 35 45 54 69 73 93 111 141 149 168 225 285 301 339 453 605 681 909
44 1
45
46 0 2 3 7 8 12 16 19 27 30 35 52 54 63 92 107 111 162 187 206 282 327 415 567 624
47 1
48 1 4 5 11 13 25 53 58 109 119 241 424 485 851 973
49 0 3
50
51 1 2 5 7 17 37 190 383 769 962
52 0 1 3 6 9 15 33 220 443 666 889
53 40 83 94 191
54 58 68 119 139
55 0 1 3 4 9 11 18 25 39 81 104 211 318 425 639 746
56 1 2 5 7 17 37 230 463 929
57 8 19 436 875
58 0 3
59 1 5 13 644
60 1
61 0 2 3 6 7 12 15 24 27 38 42 51 79 87 120 132 202 243 267 366 407 612 735
62 4 11 16 35 40 83 130 263 298 599 814
63 1
64 0 1 3 5 9 13 21 29 45 93 124 251 378 505 759
65 16 35 328 659
66 2 7
67 0 1 3 5 9 21 554
68 1 8 19 41 310 623
69 4 11
70 0 3 6 15 808
71 1 2 7 17 748
72 1 5
73 0 3
74
75 1 5 13 29 61 125 128 259 521
76 0 1 2 3 4 7 9 11 12 17 18 25 27 32 38 39 57 67 79 81 102 120 137 161 202 207 243 284 407 417 489 571 612 817 858
77
78 44 91 190 383
79 0 1 3 6 8 9 15 19 30 33 41 44 63 91 96 129 138 185 195 279 393 420 514 561 843
80 1 5 13
81 2 7 16 35 92 100 187 203 512
82 0 3
83 1 4 5 11 25 53 364 731
84 1 16 35 73 274 551
85 0 3
86 2 7
87 1
88 0 1 3 5 6 9 15 21 24 33 51 69 104 105 211 213 318 425 639 853 960
89
90 4 8 11 19 74 151 154 311
91 0 1 2 3 5 7 9 12 13 17 21 27 37 45 57 77 100 117 203 237 306 409 512 615 821
92 1
93
94 0 3
95 1
96 1 2 5 7 13 17 29 37 40 61 77 83 125 157 169 212 317 341 427 637 685 857
97 0 3 4 6 11 15 18 39 60 123 220 443 666
98
99 1 5
100 0 1 3 9 16 35 54 73 111 128 225 259 390 521 783
101 2 7 8 19 52 107 274 551
102 38 79 376 755
103 0 1 3 9 16 35 54 73 111 136 225 275 414 553 831
104 1 4 5 11 25 53 574
105 40 83 380 763
106 0 2 3 6 7 12 15 27 42 87 370 743
107 1 5 13 29
108 1
109 0 3 58 94 119 180 191 288 363 579
110 98 176 199 355
111 1 2 4 7 11 17 25 32 67 137 260 523
112 0 1 3 5 8 9 13 19 21 30 41 45 63 68 85 129 139 173 210 261 281 423 525 565 778 849
113
114
115 0 1 3 5 6 9 15 21 24 33 51 58 69 78 105 119 159 180 213 241 321 363 485 546 645 729
116 1 2 7 17
117 38 79 496 995
118 0 3 4 11 18 39 988
119 1 16 35 73 554
120 1 5
121 0 2 3 7 12 27
122 16 35
123 1 5 8 13 19 41 85 173 254 511
124 0 1 3 6 9 15 33
125 4 11 44 68 91 139 326 494 655 991
126 2 7 44 91 98 199 232 467 502
127 0 1 3 9
128 1 5 13 29
129 136 176 275 355
130 0 3
131 1 2 5 7 17 37
132 1 4 11 25
133 0 3 6 15
134 8 19
135 1
136 0 1 2 3 5 7 9 12 17 21 27 37 57 117 458 919
137
138 16 35
139 0 1 3 4 5 9 11 13 18 21 25 29 39 40 45 53 61 81 83 93 109 126 165 169 189 221 255 298 333 341 445 513 599 669 685 900
140 1
141 2 7 16 35 92 187 310 623
142 0 3 6 15 24 51
143 1 38 79 161 370 743
144 1 5 13
145 0 3 8 19 30 63 950
146 2 4 7 11 32 67 908
147 1 5
148 0 1 3 9 40 83 124 126 169 251 255 378 505 513 759
149
150 94 191 344 691
151 0 1 2 3 6 7 9 12 15 17 27 33 42 57 87 177 376 755
152 1 5
153 4 11
154 0 3
155 1 5 13
156 1 2 7 8 17 19 41 52 107 217 328 659
157 0 3 16 35 54 111 644
158 38 79 908
159 1
160 0 1 3 4 5 6 9 11 13 15 16 18 21 25 29 33 35 39 45 53 54 60 61 69 73 81 93 109 111 123 130 141 149 165 168 189 221 225 249 263 285 301 333 339 396 445 453 501 529 573 605 669 681 795 909
161 2 7
162 104 211 364 731
163 0 1 3 5 9 21
164 1
165
166 0 2 3 7 12 27
167 1 4 8 11 19 25 41 74 151 268 305 539
168 1 5
169 0 3 6 15 24 51
170 58 119 706
171 1 2 5 7 13 17 29 37 77 157 544
172 0 1 3 9 44 91 138 154 185 279 311 468 561 625 939
173 44 91 950
174 4 11
175 0 1 3 9
176 1 2 5 7 13 16 17 35 37 58 73 77 92 119 149 187 241 301 302 377 485 607 757 973
177
178 0 3 6 8 15 19 30 63 96 195 476 955
179 1 5 16 35 73 149 628
180 1
181 0 2 3 4 7 11 12 18 27 32 39 67 102 207 464 931
182 40 83
183 1 68 139 281 350 703
184 0 1 3 5 9 21 38 79 100 120 161 203 243 306 325 409 489 615 821 981
185
186 2 7
187 0 1 3 5 6 9 13 15 21 33 45 69 141 724
188 1 4 11 25
189 8 19
190 0 3
191 1 2 7 17 40 83 124 169 212 251 427 505 632 857
192 1 5 13 29
193 0 3
194 100 203 544
195 1 4 5 11 16 25 35 53 73 104 130 149 211 263 425 529 746 853
196 0 1 2 3 6 7 9 12 15 17 24 27 33 42 51 57 68 78 87 105 132 139 159 177 210 267 281 321 352 402 423 537 636 707 807 849
197
198 16 35
199 0 1 3 9 38 79 120 161 238 243 479 489 720 961
200 1 5 8 19 41 85
201 2 7
202 0 3 4 11 18 39
203 1 5 13 29 61 125 238 253 479 509 961
204 1
205 0 3 6 15
206 2 7 94 128 191 259 482 652 967
207 1
208 0 1 3 5 9 13 21 45
209 4 11
210
211 0 1 2 3 5 7 8 9 12 17 19 21 27 30 37 41 52 57 63 85 98 107 117 129 162 199 217 261 300 327 401 437 502 603 657 805
212 1
213
214 0 3 6 15 16 35 54 111 168 339 398 799
215 1
216 1 2 4 5 7 11 17 25 32 37 53 67 137 277 496 995
217 0 3 16 35 54 111
218
219 1 5 13 44 91 185 188 373 379 749 761
220 0 1 3 9 44 91 138 185 254 279 511 561 768
221 2 7
222 8 19
223 0 1 3 4 6 9 11 15 18 24 25 33 39 51 60 81 105 123 186 194 249 375 391 588 753 785
224 1 5 13 29 61 125 253 584
225 38 40 79 83
226 0 2 3 7 12 27
227 1 5 98 188 199 379 401 761 805
228 1
229 0 3
230 4 11
231 1 2 7 17 58 119 128 241 259 302 521 607 652
232 0 1 3 5 6 9 15 21 33 69
233 8 16 19 35 206 386 415 775
234 40 83
235 0 1 3 5 9 13 21 29 45 93
236 1 2 7 16 17 35 73 92 187 377 436 875
237 4 11 58 119 194 391 424 851
238 0 3
239 1
240 1 5 13 38 79 161 260 325 523 653
241 0 2 3 6 7 12 15 27 42 87
242 136 275 628
243 1 5
244 0 1 3 4 8 9 11 18 19 25 30 39 41 63 74 81 129 151 190 228 305 383 459 576 769 921
245
246 2 7
247 0 1 3 9 94 154 191 288 311 385 468 579 625 939
248 1 5
249
250 0 3 6 15 24 51
251 1 2 4 5 7 11 13 17 25 32 37 53 67 77 109 137 277 334 557 671
252 1 16 35 73
253 0 3
254 68 139
255 1 8 16 19 35 41 73 206 230 415 463 833 929
256 0 1 2 3 5 7 9 12 13 17 21 27 29 37 45 57 77 93 117 157 237 406 477 815
257
258 4 11
259 0 1 3 5 6 9 15 21 33 69
260 1
261 2 7
262 0 3
263 1
264 1 5
265 0 3 4 11 18 39
266 2 7 8 19 38 44 52 79 91 107 202 232 407 448 467 514 899
267 1 5 13 29 44 61 68 91 139 185 281 373 565 749
268 0 1 3 6 9 15 33 40 83 126 136 169 255 275 384 414 513 553 771 831
269 104 211
270
271 0 1 2 3 7 9 12 16 17 27 35 54 57 73 92 111 187 190 225 282 377 383 567 576 769 962
272 1 4 5 11 13 25 53 109
273
274 0 3 16 35 54 111
275 1 5 124 220 251 443 505 889
276 1 2 7 17
277 0 3 6 8 15 19 24 30 40 51 63 78 83 96 126 159 195 240 255 294 384 470 483 591 771 888 943
278
279 1 4 11 25
280 0 1 3 5 9 21
281 2 7 38 79 202 407 574
282
283 0 1 3 5 9 13 21 45
284 1
285 268 446 539 895
286 0 2 3 4 6 7 11 12 15 18 27 32 39 42 60 67 87 102 123 207 312 386 627 775
287 1 100 203 409 596
288 1 5 8 13 19 29 41 61 85 173 349 350 701 703
289 0 3 176 230 355 463 534 696
290 16 35 346 358 695 719
291 1 2 5 7 17 37
292 0 1 3 9 58 119 180 241 346 363 695 729
293 4 11 16 35 130 263 964
294
295 0 1 3 6 9 15 33
296 1 2 5 7 17 37
297 100 203
298 0 3 58 119 180 363 724
299 1 5 8 13 19 29 41 85 173 349 758
300 1 4 11 25
301 0 2 3 7 12 27
302 104 211
303 1 94 191 385 706
304 0 1 3 5 6 9 13 15 21 24 33 45 51 69 105 141 213 429 638
305
306 2 7
307 0 1 3 4 5 9 11 18 21 25 38 39 53 79 81 120 161 165 243 284 325 489 571 858 981
308 1 176 355 394 713 791
309 16 35
310 0 3 8 19 30 63
311 1 2 7 17 40 83 169 212 334 427 671 857
312 1 5 16 35 73 98 149 199 358 401 719 805
313 0 3 6 15 44 91 138 279 344 420 691 843
314 4 11 44 91 326 446 655 895
315 1 5 13
316 0 1 2 3 7 9 12 17 27 57
317
318 124 251
319 0 1 3 9
320 1 5 13 29 40 83 169 220 341 443 685 889
321 2 4 7 8 11 19 32 52 67 74 107 151 382 398 767 799
322 0 3 6 15 38 79 120 243 366 418 735 839
323 1 5
324 1
325 0 3 68 139 210 423 740
326 2 7
327 1
328 0 1 3 4 5 9 11 16 18 21 25 35 39 53 54 73 81 98 111 130 149 165 199 225 263 300 396 401 453 529 603 704 795 805
329 154 311
330
331 0 1 2 3 5 6 7 9 12 13 15 16 17 21 24 27 29 33 35 37 42 45 51 54 57 61 69 73 77 87 92 93 105 111 117 125 132 141 149 157 168 177 187 189 213 225 237 267 282 285 301 317 339 357 377 381 429 453 477 510 537 567 573 605 637 681 717 757 852 861 909 957
332 1 8 19 41
333
334 0 3
335 1 4 11 25
336 1 2 5 7 13 17 37 77
337 0 3 128 259 390 430 783 863
338 68 139
339 1 5
340 0 1 3 6 9 15 33
341 2 7
342 4 11
343 0 1 3 8 9 19 30 41 63 129
344 1 5 94 191 385 454 773 911
345
346 0 2 3 7 12 27
347 1 5 13 16 35 73 149 301
348 1 38 79 161
349 0 3 4 6 11 15 18 39 60 123
350 16 35
351 1 2 7 17
352 0 1 3 5 9 13 21 29 45 61 93 125 189 381 964
353 58 119
354 8 19 40 83 394 470 791 943
355 0 1 3 5 9 21
356 1 2 4 7 11 17 25 32 67 137
357
358 0 3 6 15 24 51 78 159
359 1 58 119 241
360 1 5 44 91 185 373
361 0 2 3 7 12 27 44 91 138 232 274 279 467 551 702 828
362 128 259
363 1 4 5 11 13 25 29 38 40 53 79 83 109 161 169 221 284 298 325 341 571 599 653 685
364 0 1 3 9
365 8 19
366 2 7 16 35 92 187
367 0 1 3 6 9 15 33
368 1 5 13
369 16 35
370 0 3 4 11 18 39
371 1 2 5 7 17 37
372 1
373 0 3
374 260 523 794
375 1
376 0 1 2 3 5 6 7 8 9 12 15 17 19 21 27 30 33 37 41 42 52 57 63 69 85 87 96 104 107 117 129 162 177 195 211 217 261 318 327 357 393 425 437 492 532 639 657 789 853 960 987
377 4 11
378 274 551 770
379 0 1 3 5 9 13 21 45
380 1 254 418 511 839
381 2 7 136 275 310 623 692
382 0 3
383 1
384 1 4 5 11 13 25 29 53 109 221
385 0 3 6 15 16 24 35 51 54 111 168 339 430 510 863
386 2 7
387 1 5 8 19 41 85
388 0 1 3 9 16 35 54 73 111 225
389 38 79
390 100 203
391 0 1 2 3 4 7 9 11 12 17 18 25 27 32 39 57 67 81 102 137 207 417
392 1 5
393
394 0 3 6 15
395 1 5 13 29 61
396 1 2 7 17 68 139 281 328 352 659 707
397 0 3 40 83 126 255
398 4 8 11 19 74 151
399 1
400 0 1 3 5 9 13 21 45 94 100 191 203 288 306 385 409 579 615 773 821
401 2 7
402 124 251
403 0 1 3 5 6 9 15 21 33 69
404 1 16 35 38 73 79 154 161 311 625 776
405 4 11
406 0 2 3 7 12 27 40 83 126 212 255 380 427 642 763
407 1 16 35 44 73 91 136 185 275 553 890
408 1 5 44 91 185 373
409 0 3 8 19 30 63 68 104 139 210 211 318 423 639 778
410 188 379
411 1 2 5 7 13 17 37 77
412 0 1 3 4 6 9 11 15 18 24 25 33 39 51 60 81 105 123 186 249 375 670 753
413 98 199
414 58 119
415 0 1 3 9
416 1 2 5 7 13 17 29 37 61 77 157 317
417
418 0 3 188 379 454 570 911
419 1 4 5 11 25 53
420 1 8 19 41 58 119 194 241 391 668 785
421 0 2 3 6 7 12 15 27 42 87
422
423 1 16 35 73
424 0 1 3 5 9 21
425
426 2 4 7 11 16 32 35 67 92 130 187 263 406 662 815
427 0 1 3 5 9 13 21 29 45 93
428 1
429 98 199
430 0 3 6 15 38 79 120 243 366 735 748
431 1 2 7 8 17 19 41 52 107 217
432 1 5 13
433 0 3 4 11 18 39
434 194 391
435 1 5
436 0 1 2 3 7 9 12 17 27 57
437 190 383
438 268 539
439 0 1 3 6 9 15 24 33 51 78 105 159 321
440 1 4 5 11 25 40 53 83 169 238 298 341 479 599 961
441 2 7 94 191 482 598 967
442 0 3 8 16 19 30 35 54 63 111 206 415 464 624 931
443 1 5 13
444 1 238 479 610 961
445 0 3 16 35 38 54 79 111 120 124 243 251 378 759 776
446 2 7
447 1 4 11 25
448 0 1 3 5 6 9 13 15 21 29 33 45 69 93 141 285
449 40 83
450 364 731 824
451 0 1 2 3 5 7 9 12 17 21 27 37 57 117
452 1
453 8 19
454 0 3 4 11 18 39 44 91 138 279 310 326 623 655 936 984
455 1 44 91 185
456 1 2 5 7 17 37
457 0 3 6 15
458
459 1 5 13 29 61 125 253
460 0 1 3 9
461 2 4 7 11 16 32 35 67 92 130 187 263 476 662 955
462
463 0 1 3 9
464 1 5 8 13 16 19 35 41 73 85 149 173 190 206 301 383 415 769 833
465
466 0 2 3 6 7 12 15 24 27 42 51 87 132 267
467 1 5 68 139 281 565
468 1 4 11 25 128 176 259 355 521 713 914
469 0 3
470
471 1 2 7 17 38 79 161 202 407 808 817
472 0 1 3 5 9 21
473
474
475 0 1 3 4 5 6 8 9 11 13 15 18 19 21 25 30 33 39 41 45 53 58 60 63 69 74 81 85 96 109 119 123 129 141 151 165 173 180 195 228 241 249 261 305 333 363 393 424 459 485 501 525 546 613 668 690 729 789 851 921 973
476 1 2 7 17
477 254 511
478 0 3
479 1 370 458 743 919
480 1 5 13 16 29 35 61 68 73 125 139 149 253 281 301 509 565 605
481 0 2 3 7 12 27 58 119 180 302 363 376 607 755 912
482 4 11
483 1 5 16 35 40 73 83 104 149 169 211 341 425 814 853
484 0 1 3 6 9 15 33
485
486 2 7 8 19 38 52 79 107 154 202 311 407 448 782 899
487 0 1 3 9 176 328 355 534 659 713 990
488 1 5 230 380 463 763 929
489 4 11
490 0 3
491 1 2 5 7 13 17 29 37 77 157
492 1 40 83 169
493 0 3 6 15 24 51 100 128 203 259 306 390 615 783 924
494
495 1
496 0 1 2 3 4 5 7 9 11 12 13 17 18 21 25 27 32 37 39 45 53 57 67 77 81 102 109 117 137 165 207 237 277 333 417 436 557 837 875
497 8 19 94 191 344 691
498 220 443
499 0 1 3 5 9 16 21 35 54 73 111 149 225 453
500 1
501 2 7 44 91 232 467
502 0 3 6 15 16 35 44 54 91 111 138 168 279 339 420 843 890
503 1 4 11 25 100 203 260 409 523 718
504 1 5
505 0 3
506 2 7
507 1 5 13
508 0 1 3 8 9 19 30 41 63 129
509
510 4 11
511 0 1 2 3 6 7 9 12 15 17 27 33 42 57 87 177
512 1 5 13 29 38 79 161 325 596 653
513
514 0 3 98 199 300 603
515 1 5
516 1 2 7 17 104 211 370 425 532 743
517 0 3 4 11 18 39
518 16 35
519 1 8 19 41
520 0 1 3 5 6 9 15 21 24 33 51 69 78 105 136 159 213 240 275 321 414 483 553 645 726 831 969
521 2 7 16 35 92 187
522 230 463
523 0 1 3 5 9 13 21 29 45 61 93 189
524 1 4 11 25
525
526 0 2 3 7 12 27 40 83 126 212 255 427 640 642
527 1 38 79 161
528 1 5 13
529 0 3 6 15 124 251 364 378 731 759
530 8 19 98 199 376 755
531 1 2 4 5 7 11 17 25 32 37 53 67 137 277
532 0 1 3 9
533
534
535 0 1 3 9 40 83 126 169 255 513
536 1 2 5 7 17 37 58 119 241 302 350 485 607 703
537 16 35
538 0 3 4 6 11 15 18 39 60 68 94 123 139 191 210 288 423 494 579 636 676 870 991
539 1 5 13
540 1 16 35 73
541 0 2 3 7 8 12 19 27 30 52 63 107 162 327
542 58 119
543 1 220 443 889 988
544 0 1 3 5 9 13 21 29 45 61 93 189
545 4 11
546 2 7 136 275 640 692
547 0 1 3 5 6 9 15 21 24 33 51 69 105 213
548 1 44 91 185
549 44 91
550 0 3
551 1 2 7 17 68 139 281 352 638 707
552 1 4 5 8 11 19 25 41 53 74 85 151 305 613
553 0 3 38 79 120 243
554
555 1 5 13 29
556 0 1 2 3 6 7 9 12 15 16 17 27 33 35 42 54 57 73 87 92 111 168 177 187 225 268 282 339 377 539 567 681 810 852
557
558
559 0 1 3 4 9 11 16 18 25 35 39 54 73 81 111 130 225 263 396 529 584 795
560 1 5 13
561 2 7 154 311 598 782
562 0 3
563 1 5 8 19 41 85
564 1
565 0 3 6 15
566 2 4 7 11 32 67
567 1
568 0 1 3 5 9 21 38 79 120 161 243 325 489 980 981
569 40 83
570
571 0 1 2 3 5 7 9 12 13 17 21 27 37 45 57 77 117 237
572 1 124 251 505
573 4 11
574 0 3 6 8 15 19 24 30 51 63 96 195 294 591
575 1 16 35 73
576 1 2 5 7 13 17 29 37 77 157
577 0 3
578 16 35 40 83 610 814
579 1 5
580 0 1 3 4 9 11 18 25 39 81
581 2 7
582
583 0 1 3 6 9 15 33
584 1 5
585 8 19
586 0 2 3 7 12 27
587 1 4 5 11 13 25 29 53 61 109 125 221 445 893
588 1 334 671 766
589 0 3
590 104 211
591 1 2 7 17
592 0 1 3 5 6 9 13 15 21 33 45 69 141
593
594 4 11 16 35 38 79 94 130 191 263 284 571 676 776
595 0 1 3 5 9 21 44 91 138 185 279 373 561 938
596 1 2 7 8 17 19 41 44 52 91 100 107 185 203 217 232 409 467 512 514 937
597 16 35 58 119 458 919
598 0 3
599 1 128 259 521
600 1 5
601 0 2 3 4 6 7 11 12 15 18 24 27 32 39 42 51 60 67 78 87 102 123 132 159 186 188 207 267 312 375 379 402 564 570 627 807 942 952
602
603 1 5 13 58 119 241 485 973
604 0 1 3 9
605
606 2 7 100 203 512
607 0 1 3 8 9 19 30 41 63 129
608 1 4 5 11 13 25 29 53 61 109 125 221 445 893
609 38 68 79 139 188 379
610 0 3 6 15
611 1 2 5 7 17 37
612 1 40 83 169
613 0 3 16 35 54 111
614
615 1 4 11 25 98 199 398 401 704 799
616 0 1 2 3 5 7 9 12 16 17 21 27 35 37 54 57 73 92 111 117 149 187 225 282 377 453 496 567 757 995
617 194 391
618 8 19
619 0 1 3 5 6 9 13 15 21 29 33 45 69 93 141 285
620 1
621 2 7 40 83 212 427
622 0 3 4 11 18 39 68 139 210 386 423 494 775 991
623 1 104 211 425
624 1 5 13 128 259 521 554
625 0 3
626 2 7
627 1 5
628 0 1 3 6 9 15 24 33 51 105
629 4 8 11 19 74 151
630 190 383
631 0 1 2 3 7 9 12 17 27 57 98 194 199 300 391 401 502 588 603 785 982
632 1 5 16 35 73 149
633
634 0 3
635 1 5 13 16 35 38 73 79 94 149 161 191 301 325 385 653 773 776
636 1 2 4 7 11 17 25 32 67 137
637 0 3 6 15 254 260 511 523 768 786
638 274 551
639 1 346 695 874
640 0 1 3 5 8 9 13 19 21 29 30 41 45 63 85 93 129 173 261 349 525
641 2 7 346 350 695 703
642 44 91
643 0 1 3 4 5 9 11 18 21 25 39 44 53 81 91 138 154 165 185 279 311 326 373 468 561 625 655 939 984
644 1
645
646 0 2 3 6 7 12 15 27 42 87
647 1 176 355 713
648 1 5 334 464 671 931
649 0 3
650 4 11 38 79 284 571
651 1 2 5 7 8 13 16 17 19 29 35 37 41 52 61 73 77 85 92 107 149 157 173 187 206 217 301 317 349 358 377 415 437 605 701 719 757 833 877
652 0 1 3 9
653 770 824
654 16 35
655 0 1 3 6 9 15 24 33 40 51 83 105 126 169 255 274 384 513 551 771 828
656 1 2 5 7 13 17 37 77 124 251 505 632
657 4 11 190 383 476 955
658 0 3 58 119 180 363
659 1 5 136 275 553
660 1 344 691 938
661 0 2 3 7 12 27
662 8 19
663 1
664 0 1 3 4 5 6 9 11 15 18 21 25 33 39 40 53 58 60 69 81 83 119 123 126 165 169 180 241 249 255 298 341 363 384 424 485 501 513 546 599 729 771 851 900
665 406 815
666 2 7 176 355 740 892
667 0 1 3 5 9 13 21 45
668 1
669
670 0 3 16 35 54 111
671 1 2 4 7 11 17 25 32 67 137
672 1 5 13 29 61
673 0 3 6 8 15 16 19 30 35 54 63 96 111 168 195 206 339 358 415 624 719
674
675 1 5 386 436 775 875
676 0 1 2 3 7 9 12 17 27 38 57 79 120 161 202 243 407 489 554 612 817
677
678 4 11
679 0 1 3 9
680 1 5 68 139 281 565
681 2 7 238 479 574
682 0 3 6 15 24 51 78 159
683 1 5 13 29
684 1 8 19 41
685 0 3 4 11 18 39 136 238 275 414 479 720 831 970
686 2 7
687 1
688 0 1 3 5 9 13 21 45
689 16 35 44 91 794 890
690 44 91
691 0 1 2 3 5 6 7 9 12 15 17 21 27 33 37 38 42 57 69 79 87 94 117 120 161 177 191 202 243 288 325 357 366 385 407 482 489 579 612 735 773 817 870 967 981
692 1 4 11 16 25 35 73 130 263 529
693 68 139
694 0 3 310 623 766 936
695 1 8 19 41
696 1 2 5 7 17 37
697 0 3 104 211 318 639
698 40 83
699 1 4 5 11 13 25 53 100 109 124 203 251 409 505 718 821 886
700 0 1 3 6 9 15 33
701 2 7
702
703 0 1 3 9
704 1 5 13 29
705 394 791
706 0 2 3 4 7 8 11 12 18 19 27 30 32 39 52 63 67 74 102 107 151 162 207 228 327 382 459 644 767
707 1 5 40 83 169 341
708 1 16 35 73
709 0 3 6 15 24 51 100 203 268 306 539 615 810 924
710 670
711 1 2 7 16 17 35 73 92 187 377
712 0 1 3 5 9 21
713 4 11
714
715 0 1 3 5 9 13 21 29 45 61 93 125 189 253 381 496 509 765 995
716 1 2 7 17 98 199 401 502 758
717 8 19 38 79 448 899
718 0 3 6 15 154 311 468 544 939
719 1 58 119 241
720 1 4 5 11 13 25 53 109
721 0 2 3 7 12 27 220 230 443 463 666 696
722 398 799
723 1 5
724 0 1 3 9
725 58 119
726 2 7
727 0 1 3 4 6 9 11 15 16 18 25 33 35 39 54 60 73 81 111 123 130 168 225 249 263 328 339 396 529 659 681 795 990
728 1 5 8 19 41 85
729
730 0 3 16 35 54 104 111 128 211 259 318 390 639 783
731 1 2 5 7 13 17 37 77
732 1 38 79 94 98 161 191 199 385 401
733 0 3
734 4 11 254 446 511 895
735 1
736 0 1 2 3 5 6 7 9 12 13 15 17 21 24 27 29 33 37 42 44 45 51 57 61 69 77 87 91 93 105 117 125 132 138 141 157 177 185 189 213 232 237 253 267 279 285 317 357 373 381 420 429 467 477 537 561 573 637 702 717 749 765 843 861 937 957
737 44 91
738
739 0 1 3 5 8 9 19 21 30 41 63 85 129 261
740 1
741 2 4 7 11 32 40 67 83 212 298 427 544 599
742 0 3
743 1 418 839 980
744 1 5
745 0 3 6 15
746 2 7 16 35 92 187
747 1 5 13 29
748 0 1 3 4 9 11 18 25 39 81
749 16 35
750 8 19 40 83 470 943
751 0 1 2 3 7 9 12 17 27 57 68 139 210 281 352 394 423 707 791 849
752 1 5 13
753
754 0 3 6 15
755 1 4 5 11 25 53 128 230 259 463 521 914 929
756 1 2 7 17
757 0 3
758 38 79
759 1
760 0 1 3 5 9 21
761 2 7 8 19 52 107
762 4 11
763 0 1 3 5 6 9 13 15 21 24 33 45 51 69 78 105 141 159 213 240 321 429 446 483 645 895 969
764 1 68 139 281
765 16 35
766 0 2 3 7 12 27 220 260 443 523 666 786
767 1 310 623
768 1 5 13 16 29 35 73 149 301 605
769 0 3 4 11 18 39
770 430 863
771 1 2 5 7 17 37
772 0 1 3 6 8 9 15 19 30 33 41 63 96 129 195 393
773 38 79
774
775 0 1 3 9
776 1 2 4 5 7 11 17 25 32 37 53 67 137 277
777
778 0 3
779 1 5 13 29 61
780 1 58 119 241
781 0 2 3 6 7 12 15 27 42 87
782
783 1 4 8 11 19 25 41 44 74 91 124 151 185 251 305 326 505 514 655 886
784 0 1 3 5 9 13 16 21 35 40 44 45 54 73 83 91 111 126 138 149 169 185 225 255 279 301 341 373 453 513 561 685 749 814 890 909
785
786 2 7 58 119 302 607
787 0 1 3 5 9 16 21 35 54 73 111 149 225 453
788 1 94 191 385
789 380 763
790 0 3 4 6 11 15 18 24 39 51 60 123 186 375
791 1 2 7 17
792 1 5 188 379 761
793 0 3 40 83 126 255
794 8 19
795 1 5 13
796 0 1 2 3 7 9 12 17 27 57
797 4 11
798 136 275
799 0 1 3 6 9 15 33 38 79 120 161 243 366 489 735
800 1 5 13 29 61 154 188 311 379 625 761
801 2 7 418 454 839 911
802 0 3 100 203 306 615
803 1 5 16 35 73 149
804 1 4 11 25 104 211 425 644 746
805 0 3 8 19 30 63
806 2 7 16 35 92 187
807 1
808 0 1 3 5 6 9 15 21 33 69
809
810 628
811 0 1 2 3 4 5 7 9 11 12 13 17 18 21 25 27 29 32 37 39 45 53 57 67 77 81 93 102 109 117 137 157 165 207 221 237 277 333 417 477 557 584 669 837
812 1 100 203 409
813
814 0 3 38 79 120 194 243 391 588
815 1
816 1 2 5 7 8 13 17 19 37 41 52 77 85 107 173 217 437 877
817 0 3 6 15 24 51 98 199 300 364 603 731 906
818 4 11 328 430 659 863
819 1 5
820 0 1 3 9
821 2 7
822 16 35 68 139 748
823 0 1 3 9 190 383 576 769 874
824 1 5 136 275 553
825 4 11 16 35 130 263
826 0 2 3 6 7 12 15 27 42 87 124 176 251 355 378 534 632 759 892
827 1 5 8 13 19 40 41 83 85 169 173 268 341 470 539 685 943
828 1 194 391 785
829 0 3 94 191 288 579
830 44 91
831 1 2 7 17 44 91 185 232 467 937
832 0 1 3 4 5 9 11 13 18 21 25 29 39 45 53 81 93 109 165 221 333 669
833 98 199
834
835 0 1 3 5 6 9 15 21 33 68 69 139 210 281 406 423 565 636 815 849
836 1 2 7 17 40 83 169 212 427 857
837 104 211
838 0 3 8 19 30 63
839 1 4 11 25
840 1 5 38 79 161 325
841 0 2 3 7 12 16 27 35 54 58 92 111 119 180 187 282 302 363 567 607 912
842
843 1 5 13 29 61 125
844 0 1 3 6 9 15 16 24 33 35 51 54 73 78 105 111 159 168 225 321 339 344 510 681 691
845 176 355
846 2 4 7 11 32 67
847 0 1 3 9 58 119 180 241 363 729
848 1 5 13
849 8 19
850 0 3 190 383 576
851 1 2 5 7 17 37
852 1 370 743
853 0 3 4 6 11 15 18 39 60 123
854
855 1 38 79 161
856 0 1 2 3 5 7 9 12 17 21 27 37 57 117
857
858 574
859 0 1 3 5 9 13 21 45
860 1 4 8 11 16 19 25 35 41 73 74 130 151 206 263 305 376 415 529 755 833
861 2 7 128 259 652
862 0 3 6 15
863 1 16 35 73
864 1 5 13 29 61 125
865 0 3
866 2 7
867 1 4 5 11 25 53
868 0 1 3 9
869
870 40 83
871 0 1 2 3 6 7 8 9 12 15 17 19 24 27 30 33 41 42 51 52 57 63 87 96 105 107 129 132 162 177 195 217 267 294 327 380 393 492 537 591 657 763 987
872 1 5
873 628
874 0 3 4 11 18 39
875 1 5 13 29 154 311 454 625 911
876 1 2 7 17
877 0 3 44 91 138 279
878 44 91
879 1 16 35 40 73 83 169 706 814
880 0 1 3 5 6 9 13 15 21 33 45 69 141
881 2 4 7 11 32 38 67 79 202 284 407 571 808
882 8 16 19 35 206 415
883 0 1 3 5 9 21
884 1
885 94 191
886 0 2 3 7 12 27 128 259 390 596 652 783
887 1
888 1 4 5 11 25 53
889 0 3 6 15 350 370 703 743
890
891 1 2 5 7 13 17 37 77
892 0 1 3 9
893 8 19 68 139 778
894 254 511
895 0 1 3 4 9 11 18 25 39 81
896 1 2 5 7 13 17 29 37 38 77 79 157 161 202 325 364 407 653 731 817
897
898 0 3 6 15 16 24 35 51 54 111 168 339 510
899 1 5
900 1 260 523
901 0 2 3 7 12 16 27 35 54 92 111 187 282 567
902 4 11 58 119 424 851
903 1
904 0 1 3 5 8 9 19 21 30 41 63 85 129 261
905 100 203
906 2 7 68 139 352 707
907 0 1 3 5 6 9 13 15 21 29 33 45 61 69 93 141 189 285 573
908 1 58 119 241
909 4 11 376 464 755 931
910 0 3 124 251 378 759
911 1 2 7 17 104 211 425 532
912 1 5 13
913 0 3 40 83 126 255
914 724
915 1 5 8 19 41 85 100 203 274 409 551 821
916 0 1 2 3 4 6 7 9 11 12 15 17 18 25 27 32 33 39 42 57 60 67 81 87 102 123 137 177 207 249 312 417 627
917 16 35
918 98 199
919 0 1 3 9
920 1 5 16 35 73 149
921 2 7
922 0 3 38 40 79 83 120 126 238 243 255 479 720
923 1 4 5 11 13 25 53 109
924 1 44 91 185
925 0 3 6 15 24 44 51 78 91 138 159 279 334 420 671 843
926 2 7 8 19 52 94 107 191 238 479 482 967
927 1
928 0 1 3 5 9 13 21 29 45 61 93 189
929
930 4 11
931 0 1 2 3 5 7 9 12 17 21 27 37 57 117
932 1 274 551
933
934 0 3 6 15 98 199 300 603 906
935 1 436 875
936 1 2 5 7 16 17 35 37 73 92 149 187 377 757
937 0 3 4 8 11 18 19 30 38 39 63 74 79 120 136 151 228 243 275 284 414 448 459 571 831 858 899 970
938
939 1 5 13 16 29 35 73 149 301 605
940 0 1 3 9 458 476 919 955
941 2 7
942
943 0 1 3 6 9 15 33
944 1 4 5 11 13 25 53 104 109 211 220 425 443 746 853 889
945 638
946 0 2 3 7 12 27
947 1 5
948 1 8 19 41
949 0 3
950
951 1 2 4 7 11 17 25 32 67 137
952 0 1 3 5 6 9 15 21 24 33 51 69 105 213
953 124 251
954 230 463
955 0 1 3 5 9 13 16 21 35 45 54 73 111 149 225 301 453 909
956 1 2 7 17 40 83 169 212 427 857
957 154 311
958 0 3 4 11 16 18 35 39 54 111 130 263 396 795
959 1 8 19 41
960 1 5 13 29
961 0 2 3 6 7 12 15 27 42 87
962
963 1 5 38 58 79 119 136 161 241 275 325 485 553
964 0 1 3 9 68 139 210 281 423 849
965 4 11 40 83 298 599
966 2 7
967 0 1 3 9
968 1 5
969 58 119
970 0 3 6 8 15 19 30 63 96 195
971 1 2 5 7 13 17 29 37 44 61 77 91 125 157 185 232 253 317 373 467 637 749 937
972 1 4 11 25 44 91 185 326 655
973 0 3
974 16 35
975 1
976 0 1 2 3 5 7 9 12 13 17 21 27 37 45 57 77 117 237
977 16 35 68 139
978 38 79
979 0 1 3 4 5 6 9 11 15 18 21 24 25 33 39 51 53 60 69 81 105 123 165 186 213 249 375 501 753
980 1 268 539
981 2 7 8 19 52 107
982 0 3 94 191 288 579
983 1 188 379 761
984 1 5
985 0 3 334 671
986 2 4 7 11 32 67
987 1 5 13
988 0 1 3 6 9 15 33 230 346 463 695 696 929
989 220 443
990 346 695
991 0 1 2 3 7 9 12 17 27 57 188 254 379 511 570 761 768 952
992 1 5 8 13 19 29 41 61 85 125 128 173 253 259 349 509 521 701
993 4 11 16 35 130 263
994 0 3 350 703
995 1 5
996 1 2 7 16 17 35 73 92 187 377
997 0 3 6 15
998
999 1 40 83 169
