0 14
1 0 2 12
2 4
3 4
4 0 6 24
5 50
6 2 14 82
7 0 38 120
8 164
9 4 28 214
10 0 4 10 18 36 88 270
11 2 64 332
12 10 28 400
13 0 6 50 156 474
14 554
15 640
16 0 2 4 12 18 32 46 102 144 242 732
17 4 14 46 116 830
18 934
19 0 346
20
21 2 254
22 0 6 154 468
23 4 10 14 88 116 218
24 4 238
25 0 10 36 44 138 608
26 2 394
27
28 0 766
29
30 4 376
31 0 2 4 6 12 18 24 32 42 60 78 102 132 186 312 402 564 942
32
33
34 0 14 48 64 198
35
36 2 10 56 62 292 764
37 0 4 18 190 576
38 4 10 44 88 326 608
39
40 0 6 14 28 48 90 150 276 524
41 2 994
42
43 0 28 56 90 174
44 4 818
45 4 856
46 0 2 12 416
47
48 38 164
49 0 6 10 36 58 114 180 546 790
50
51 2 4 10 14 32 62 82 88 116 218 452 592
52 0 4 18 380
53 58 134
54
55 0
56 2
57 14 566
58 0 4 6 18 24 50 60 156 186 368 474
59 4
60
61 0 2 12 736
62 10 878
63
64 0 10 36 310 936
65 4 46 254
66 2 4 32 46 50 242 262 368
67 0 6
68 14 808
69
70 0
71 2 28 94 152 482
72 4 44 326
73 0 4 18 754
74 14 28 524 958
75 10
76 0 2 6 12 42 380
77 10
78 64 268
79 0 4 18 884
80 4
81 2
82 0
83 128 154
84
85 0 6 14 24 44 48 138 150 420 456 796
86 2 4 32 628
87 4
88 0 10 36 590
89 38 574
90 10
91 0 2 12 14 48 82 94 252 288 482
92 128 190
93 4
94 0 4 6 18 60 416
95 56 454
96 2
97 0
98
99
100 0 4 18
101 2 4 10 32 62 64 88 332 452 466 868
102 14 28 56 524
103 0 6 10 36 114 268 810
104
105 28
106 0 2 12
107 4
108 4 14 116 290
109 0
110 58 590
111 2 50 136 262 692
112 0 6 24 78 460
113
114 4 10 46 58 88 424 634 790
115 0 4 18 46 144 266 804
116 2 10 62 616
117
118 0
119 14 44 50 796 898
120
121 0 2 4 6 12 18 32 42 60 102 136 312 414 692 970
122 4
123
124 0
125 14
126 2
127 0 10 36
128 4
129 4 10 88 544
130 0 6 38 120 134 366 408
131 2
132 44
133 0 28 90 566
134
135 4
136 0 2 4 12 14 18 28 32 48 82 90 102 116 152 214 252 354 462 524 592 648
137 230 238
138 224 248
139 0 6 24
140 10 166 344
141 2
142 0 4 10 14 18 36 48 88 116 166 218 270 354 504 660
143 4
144
145 0 64 198 310 936
146 2
147
148 0 6
149 4
150 4
151 0 2 12
152
153 10 14 218 314
154 0 56 174 398
155 10
156 2 4 32
157 0 4 6 18 60
158
159 14
160 0
161 2 56 260 292
162
163 0 4 18 46 144 538
164 4 28 46 50 214 368
165 224 356
166 0 2 6 10 12 24 36 42 44 62 114 132 138 192 232 348 420 582 608 702
167 28
168 10 64 94 868
169 0
170 4 14 116 724
171 2 4 32 38 58 202 284 302 424
172 0 50 156 554
173
174 230 386
175 0 6 58 164 180 498 546
176 2 14 82
177 4
178 0 4 18
179 10 44 154 608
180
181 0 2 10 12 36 62 192 500
182
183
184 0 4 6 18 60
185 4
186 2
187 0 14 48
188 94
189
190 0 134 260 408 786
191 2 4 32
192 4 10 88
193 0 6 14 24 48 78 150 240 456 726
194 10
195 28
196 0 2 12
197 248 460
198 4 28 214 538
199 0 4 18
200
201 2
202 0 6
203
204 14
205 0 4 10 18 36 88 270 458
206 2 4 32
207 10
208 0
209
210 14 286 454
211 0 2 6 12 42
212 4 38 46 64 284 466
213 4 44 46 56 326 410
214 0 128 346 390
215 164 826
216 2
217 0 50 156 884
218 10
219 4
220 0 4 6 10 18 24 36 56 60 88 114 174 186 270 348 410 528 764 816
221 2 14 82
222
223 0 128 376 390
224
225 50
226 0 2 4 12 18 28 32 44 90 102 138 152 214 232 326 462 648 702 984
227 4 14 116
228
229 0 6 28 90 276 560
230 190 818
231 2 10 62
232 0 58 180 878
233 4 10 88
234 4
235 0 64 198 820
236 2 58 302 544
237
238 0 6 14 48 150
239 394 428
240 4 154
241 0 2 4 12 18 32 102
242
243
244 0 10 14 36 48 218 266 660 804
245
246 2 10 62
247 0 4 6 18 24 60 186 964
248 4
249
250 0 136 414 446
251 2
252
253 0 38 120
254 4
255 4 14 116
256 0 2 6 12 42
257 10 28 400 488
258
259 0 10 36
260 28 44 136
261 2 4 14 32 46 82 116 242 340 592 830
262 0 4 18 46 144
263
264
265 0 6 94 238 288 720 870
266 2
267 134
268 0 4 18
269 4
270 10 50 314 686
271 0 2 12
272 10 14 56 218 286 764
273 44
274 0 6 24 78
275 4
276 2 4 32
277 0
278 14 50 254 898
279 56 64
280 0
281 2
282 4
283 0 4 6 10 18 36 60 88 114 270 290 816 876
284
285 10 94 190
286 0 2 12
287
288 28
289 0 4 14 18 48 116 354 698
290 4
291 2 28 152
292 0 6
293 58
294 38
295 0 14 48
296 2 4 10 32 62 88 452 574
297 4 58 424 616
298 0 10 36
299
300
301 0 2 6 12 24 42 132
302 64
303 4
304 0 4 18
305
306 2 14 82
307 0 44 138
308
309 10 166
310 0 4 6 18 46 60 144 438 650
311 2 4 10 32 46 62 88 166 242 340 452 634 842
312 14
313 0
314 356 820
315 406 724
316 0 2 12
317 4
318 4
319 0 6 28 90 276
320 44
321 2
322 0 10 28 36 90 254 400 768
323 14 50 344 898
324 4 10 88
325 0 4 18
326 2
327 134
328 0 6 24
329 14
330
331 0 2 4 12 18 32 50 56 102 156 174 262 292 368 410 792 882
332 4
333
334 0
335 10 38 530 628
336 2 154 428 782
337 0 6 10 36 114
338 4 56 410 826
339 4
340 0 14 48
341 2
342 164
343 0
344
345 4 128 386 914
346 0 2 4 6 12 14 18 32 42 48 60 64 82 102 116 150 198 252 312 332 354 466 592 600 762
347
348 10
349 0 268 446 810
350 10 28 400 908
351 2
352 0 4 18
353 4 28 214
354 44 58 128
355 0 6 24 78
356 2
357 14
358 0 58 180
359 4 46
360 4 46
361 0 2 10 12 36 62 192
362 94
363 10 14 218
364 0 6
365 224
366 2 4 32
367 0 4 18 44 138 326 406 984
368 346
369 64
370 0 230 584 696
371 2
372
373 0 4 6 18 60
374 4 10 14 88 116 218 268
375
376 0 2 10 12 36 38 50 62 120 156 192 202 262 530 612 686 792
377 310
378 238
379 0
380 4 14 116
381 2 4 28 32 152 214 398
382 0 6 24 94 164 288 498 870
383
384 28 50 266
385 0
386 2
387 4 10 88
388 0 4 18
389 10 136 248
390 56
391 0 2 6 12 14 42 48 82 150 252 596 762
392 224
393
394 0 4 18
395 4
396 2
397 0 14 48 56 154 174 468
398 488 964
399 136
400 0 6 10 36 114
401 2 4 32 44 232 290 326
402 4 10 88
403 0
404 134
405
406 0 2 12
407 230
408 4 14 46 116 596 830
409 0 4 6 18 24 46 60 144 186 376 438
410 458
411 2
412 0 28 90
413 10 64 584 868
414 14 44 640 796
415 0 4 10 18 28 36 58 88 90 180 214 270 400 424 648 790
416 2 4 32
417 38
418 0 6
419 58
420
421 0 2 12
422 4
423 4 190 394
424 0 260 680 786
425 14
426 2 10 62
427 0 6
428 10
429 4 50 368
430 0 4 18
431 2 14 82
432 736 754
433 0
434
435 380
436 0 2 4 6 12 18 24 32 42 60 64 78 102 132 186 198 240 312 332 402 466 564 600 942
437 4 50 368
438
439 0 10 36
440
441 2 10 62
442 0 14 48
443 4 28 214
444 4
445 0 6
446 2 28 152
447
448 0 14 44 48 138 248 750 796
449 56
450 4
451 0 2 4 12 18 32 102
452 10
453 260
454 0 6 10 36 114
455
456 2 56 292
457 0 4 18 46 144
458 4 38 46 284 310
459 14 94 380
460 0
461 2 44 232
462
463 0 6 24
464 4 134 670 956
465 4 10 14 88 116 218 416
466 0 2 12
467 10
468
469 0
470 314
471 2 4 32
472 0 4 6 18 60
473 808 824
474 28
475 0
476 2 14 58 82 128 302 652
477 28
478 0 4 10 18 36 88 166 190 270 504 576
479 4 94 676
480 10 58 64 166 790 868
481 0 2 6 12 42
482 14 50 770 898
483
484 0
485 4 128 766 914
486 2 4 32
487 0 344 680
488
489
490 0 6 24 50 156 474 500
491 2 10 62
492 4
493 0 4 10 14 18 36 48 88 116 154 218 270 354 468 660
494
495 44
496 0 2 12
497
498 758 974
499 0 4 6 14 18 38 48 60 116 120 150 284 286 354 366 694 858 864
500 4
501 2
502 0
503 64
504 10
505 0 28 90
506 2 4 10 32 46 62 88 238 242 452 634
507 4 46
508 0 6 28 44 56 90 138 174 276 420 528
509 164
510 14
511 0 2 12
512
513 4 266 416
514 0 4 18
515 56
516 2 14 82
517 0 6 10 24 36 78 114 348 758
518 658
519 10
520 0 4 18
521 2 4 32
522 560
523 0
524 356
525
526 0 2 6 12 42
527 4 14 116
528 4 136 856 970
529 0
530 10
531 2
532 0 10 36
533 14
534 4
535 0 4 6 18 50 60 156 254 368 474 768
536 2 28 152
537 58
538 0 136 414
539 28
540 38
541 0 2 4 12 18 32 58 102 134 180 302 408 424 682 912 956
542 4 44 326
543 10 50 686
544 0 6 14 24 48 150 456
545 10
546 2
547 0 64 198
548 4
549 4 164 770
550 0 14 48
551 2
552 454
553 0 6
554 154
555 4 44 46 326 398
556 0 2 4 10 12 18 32 36 46 62 88 94 102 144 192 242 270 288 452 482 634 676 732
557
558 10
559 0
560
561 2 14 82 286 650
562 0 4 6 18 60
563 4 346 386
564
565 0
566 2
567 14 28 56 524 958
568 0
569 4 10 88
570 4 28 64 214 466
571 0 2 6 10 12 24 36 42 62 114 132 192 348 554 582
572
573
574 0 56 174
575 460
576 2 4 32 94 290 482 676
577 0 4 18
578 14
579 254
580 0 6
581 2 38 202
582 10
583 0 4 18
584 4 10 14 88 116 218 658
585
586 0 2 12
587 314
588 50
589 0 6 44 138 420
590 4
591 2 4 32
592 0 224 678
593
594
595 0 10 14 36 48 218 660
596 2 50 262
597 4 10 88
598 0 4 6 18 24 28 58 60 78 90 180 186 214 276 424 546 564 648 834
599
600
601 0 2 12 14 28 48 82 90 134 152 252 408 462 524 682
602 44 58 376
603 230
604 0 4 18 46 144 340
605 4 46
606 2
607 0 6 128 390 934
608 10
609
610 0 10 36
611 2 4 32
612 4 14 116
613 0
614 64
615
616 0 2 6 12 42 128 190 390 576 652 962
617 938
618 4 14 116
619 0 4 18 224 238 678 720
620 268
621 2 10 62
622 0 38 120
623 10
624 994
625 0 4 6 18 24 60 186
626 2 4 32 56 292 410 566
627
628 0
629 14 28 524
630 824
631 0 2 12
632 4 28 214
633 4 56 410
634 0 6 10 36 114
635 14
636 2 10 44 62 232 394 608
637 0 64 198
638 938
639 4
640 0 4 18 230 248 696 750
641 2 50 262
642
643 0 6
644
645 268
646 0 2 4 12 14 18 32 48 82 102 116 252 354 592 698
647 4 10 88 166
648
649 0 10 36 44 50 138 156 166 504 608 686
650 154
651 2
652 0 6 14 24 48 150 456
653 4 46 94 266 676
654 4 46 340
655 0
656 2
657
658 0 640 670
659 58
660 4 10 28 88 214 400 460
661 0 2 4 6 12 18 32 42 60 102 312
662 10
663 14 28 38 58 524 694
664 0
665
666 2 458 574
667 0 4 18 136 414 454 970
668 4
669 14
670 0 6 344 428
671 2 190 962
672
673 0 10 36 94 288 356
674 4
675 4 10 88
676 0 2 12 164 498 544 832
677 136
678 134
679 0 6 24 78 240
680 14
681 2 4 32 64 332 466 590
682 0 4 18
683 44
684 500
685 0 56 174
686 2 10 14 62 82 218
687 260
688 0 4 6 10 18 36 60 88 114 270 816
689 4
690 310
691 0 2 12 28 90 152 462
692 56
693
694 0 28 50 90 156 290 876
695 4
696 2 4 32 44 232 326 880
697 0 6 14 48 150
698
699 10 248 446
700 0
701 2 10 62
702 4 46 50 368 566
703 0 4 14 18 46 48 116 144 354 590 830
704 38 64 538
705
706 0 2 6 12 24 42 132
707
708
709 0 4 18
710 4
711 2 154 782
712 0 10 36
713
714 10 14 218
715 0 6
716 2 4 32 164 260 832
717 4 346 628
718 0
719
720 14 58
721 0 2 12
722 28
723 4
724 0 4 6 18 58 60 180 406 424 546
725 10 28 400
726 2
727 0 10 36
728
729 554
730 0 4 18 44 138 326 984
731 2 4 14 32 82 116 592
732
733 0 6 24
734 386
735 616
736 0 2 12
737 4 14 116
738 4 10 88 128 134 914 956
739 0 538
740 10
741 2
742 0 6
743 44
744 4 56 410
745 0 4 18 38 120 284 858
746 2
747 50 128 238
748 0 14 48 64 198 488
749
750 94
751 0 2 4 6 10 12 18 32 36 42 46 56 60 62 88 102 114 144 174 192 242 270 292 312 410 438 452 528 582 634 732 764 816 882
752 4 46
753 10 28 400
754 0 14 48
755 50
756 2 28 152
757 0
758 4
759 4
760 0 6 24 78
761 2
762
763 0
764 10
765 4 14 116
766 0 2 4 10 12 18 32 36 62 88 102 192 270 452
767 428
768
769 0 6
770 94
771 2 14 64 82 310 332
772 0 4 18
773 4
774
775 0
776 2 406 880
777 10 44 608
778 0 6
779 4 10 88
780 4
781 0 2 12 58 180 302 912
782 14 266 398
783 544
784 0 28 90
785 58
786 2 4 32 38 202 284
787 0 4 6 18 24 28 60 90 186 214 276 314 648 834 948
788 14 286 376
789
790 0 10 36 44 138 608
791 2
792 10 254 560
793 0 4 18
794 4
795
796 0 2 6 12 42
797 766
798 446
799 0 14 48
800 4 46 50 368 736
801 2 4 32 46 242
802 0
803 10 56 764
804
805 0 6 10 14 36 48 114 150 218 660 974
806 2 136 692
807 4 154
808 0 4 18 50 156 368
809 190
810 56
811 0 2 12
812
813
814 0 4 6 18 24 60 186
815 4 28 64 134 214 466 956
816 2 10 14 62 82 136 166 218 692 842
817 0
818 10 28 166 380 400
819 224
820 0 394
821 2 4 32
822 4 14 116
823 0 6
824 44
825
826 0 2 12
827 38
828 4
829 0 4 10 18 36 88 270
830 754
831 2 10 62
832 0 6
833 14
834 344
835 0 4 18
836 2 4 32 230 254
837 44
838 0 64 198
839 14
840
841 0 2 6 12 24 42 78 132 402
842 4 10 58 88 380 424 790
843 4 164
844 0 10 36
845
846 2 28 58 152 224 302
847 0 94 288
848
849 4 28 46 214
850 0 4 6 14 18 46 48 60 116 144 150 286 354 438 830 864
851 2
852
853 0 50 156
854
855 10
856 0 2 4 12 14 18 32 48 82 102 116 252 354 592
857 4 10 88
858
859 0 6
860 238
861 2 50 262
862 0 56 174
863 4
864 4 190
865 0 818 908
866 2
867 14 94
868 0 6 10 24 36 38 114 120 154 348 366 468 530
869 56 128 290
870 4 10 88
871 0 2 4 12 18 32 44 102 138 232 326 458 702 984
872
873 14 230 574
874 0
875 134
876 2
877 0 4 6 18 28 60 90 214 276 648
878 4 128 914
879 808
880 0 28 90
881 2 10 62
882 64
883 0 10 36 164 356 498
884 4 14 44 116 326 416 796
885 4
886 0 2 6 12 42
887
888
889 0 488
890 14
891 2 4 32 248 268
892 0 4 18
893
894 10
895 0 6 24
896 2 10 62
897 724
898 0 4 18 46 144
899 4 46
900
901 0 2 12 14 48 82 252
902
903 58
904 0 6 314 856 948
905 4 64 466
906 2 4 32 50 262 368
907 0 10 14 36 48 58 180 218 660 790
908 28
909 10 38 530
910 0
911 2 28 152
912 4 346
913 0 4 6 18 60
914 50
915
916 0 2 12 268 616 810
917
918 14 44 796
919 0 4 18
920 4 10 88
921 2 56 292
922 0 6 10 24 36 78 114 240 266 348 726 804
923
924 14
925 0
926 2 4 32
927 4
928 0 56 174
929
930
931 0 2 6 12 42 44 138 232 420 702
932 416
933 4 10 88
934 0 4 18
935 10 14 218
936 2
937 0
938
939 28
940 0 4 6 18 60
941 2 4 14 32 82 116 592
942 28
943 0 878
944 94
945 136
946 0 2 10 12 36 62 192
947 4 46 340
948 4 10 46 88 634
949 0 6 24 64 198 600
950 38 248 260
951 2
952 0 14 48 134 386 408
953
954 4
955 0 4 18 136 414 934 970
956 2 398
957 584
958 0 6 14 48 150
959 10 50 686
960
961 0 2 4 10 12 18 32 36 62 88 102 192 270 452
962 4
963 650
964 0 58 94 154 180 288 468
965 44
966 2 628 884
967 0 6 50 156 474
968 4 58 424
969 4 14 116
970 0 28 90
971 2
972 10 64 868
973 0 28 90
974 10
975 4 14 116
976 0 2 4 6 12 18 24 32 42 60 102 132 186 312 942
977
978 44
979 0 260 786
980 56
981 2 376
982 0 4 18
983 4
984
985 0 6 10 36 114 166 504
986 2 14 82
987 10 56 166 290 764
988 0 238 720
989 4
990 4 596 698
991 0 2 12 38 120 202 612
992 14
993 500
994 0 6
995
996 2 4 32 46 242
997 0 4 18 46 144 340
998 10
999
