0 28
1 26
2 0 4 18
3 4
4 10
5 0 10 36
6 68
7 106
8 0 6 14 48 150
9 4 26 200
10 4 34 256
11 0 104 318
12 386
13 460
14 0 178 540
15 14 34 626
16 4 100 718
17 0 4 6 10 18 36 60 88 114 270 816
18 10 68 920
19
20 0 380
21 28 38
22
23 0 4 18 70 216 508
24 4 236
25 14 104
26 0 6 24 70 216 654
27
28
29 0 818
30 4 10 26 88 200 374
31 4 10 28 88 214 400
32 0 14 48 56 174
33
34 38 80
35 0 6 398
36
37 4 574
38 0 4 18 26 46 84 144 200 606
39
40
41 0
42 14 304
43 10 418
44 0 4 6 10 18 36 46 60 88 114 144 270 438 634 816
45 4 854
46
47 0 34 56 108 174
48
49 14 416
50 0
51 4
52 4 28 34 214 256
53 0 6 24 78 100 306 924
54
55 86 98
56 0 10 36 236 714
57 10 740
58 4
59 0 4 14 18 26 48 84 116 200 354 490 606
60
61
62 0 6 28 38 90 120 276 366
63
64 86 134
65 0 4 18 596
66 4 14 106 116 760
67 26 458
68 0
69 10
70 10
71 0 6
72 4
73 4
74 0
75 38 406
76 14
77 0 68 80 210 246
78
79 4
80 0 4 6 18 24 60 98 186 300 704 906
81
82 10
83 0 10 14 28 36 48 90 218 400 524 660
84 34 566
85
86 0 4 18
87 4 46 458
88 26 794
89 0 6 34 68 108 210 330 636
90
91 56 416
92 0
93 4 14 28 46 116 214 524 830
94 4
95 0 10 36 688
96 10 26 70 374 946
97
98 0 6
99 70 398
100 4 14 116 248
101 0 4 18
102
103 38 770
104 0
105
106 56 566
107 0 4 6 18 24 60 178 186 540
108 4 10 88 380
109 10
110 0 14 48 706
111
112
113 0
114 4 28 176 214
115 4
116 0 6 38 106 120 324 366 978
117 14 26 80 490
118 104 386
119 0 100 134 306 408
120
121 4 10 34 88 166 256 478
122 0 4 10 18 36 88 160 270 486
123
124 28
125 0 6 26 84 176 258 534
126 34
127 14
128 0 4 18
129 4
130
131 0
132 104 484
133
134 0 6 10 14 24 36 48 78 114 150 218 240 348 456 660
135 4 10 88 596
136 4 46
137 0
138
139
140 0
141
142 4 46
143 0 4 6 18 60 968
144 14 38 86 694
145 28
146 0 26 84 730
147 10
148 10 68 920
149 0 4 18
150 4 56 160 410
151 14
152 0 6
153 86 784
154 26
155 0 28 90 770
156 4 98 100 704 718
157 4 38 254 284
158 0 34 108 670
159
160 10 68 80 920
161 0 6 10 14 24 36 48 114 150 166 218 348 456 504 660
162
163 4 34 256 304
164 0 4 18
165 56
166
167 0
168 14
169 70
170 0 4 6 18 60
171 4
172 70
173 0 10 36
174 10
175 26 106 838
176 0 28 90 994
177 4
178 4 14 116 794
179 0 6
180
181 98 968
182 0
183 26
184 4
185 0 4 14 18 38 46 48 116 120 144 284 354 694 830 858
186 10 28 254 400
187 10
188 0 6 24
189 226 464
190
191 0 4 18 46 144 740
192 4
193 226 484
194 0
195 14 34 178 626
196
197 0 6
198 4 38 284 406
199 4 10 88
200 0 10 34 36 80 108 246 478
201 134 880
202 14
203 0
204 26
205 4
206 0 4 6 18 60
207 28
208
209 0 56 174 736
210
211
212 0 4 10 14 18 26 36 48 84 88 116 200 218 270 354 374 490 606 660
213 4 10 88
214
215 0 6 24 78
216
217 28
218 0
219 4 14 68 116 286 494
220 4
221 0
222 100
223
224 0 6 56 174 280 528 846
225 10 104 106
226 4 10 38 88 284 530
227 0 4 18
228
229 14
230 0
231 68
232 34
233 0 4 6 18 26 60 84 86 200 258 264 606 620 798
234 4 46
235 248 656
236 0 14 48
237 34
238 10 28 400 418
239 0 10 36 38 104 120 318 530
240 4 46 340 500
241 4 26 200 854
242 0 6 24 70 86 216 264 654 798
243 80
244
245 0 70 216 818
246 14
247 4
248 0 4 18 28 90 214 280 648 846
249
250
251 0 6 10 36 114
252 10
253 14
254 0 4 18
255 4
256 134
257 0 98 300 650
258
259 100
260 0 6
261 4
262 4 26 200
263 0 14 48 236 286 714 864
264 10
265 10
266 0
267 38
268 4 56 410 518
269 0 4 6 18 24 28 34 60 90 108 186 214 256 276 330 648 774 834 996
270 14 26 440 490
271
272 0
273
274 34
275 0 4 18
276 4
277 10
278 0 6 10 36 114
279 28
280 14 38 334 694
281 0
282 4 98 334 704
283 4 46 56 80 410 578
284 0 106 324 736
285 160
286
287 0 6 14 48 150
288 178
289 4 46
290 0 4 10 18 36 68 88 166 210 270 494 504 920
291 10 26 374 670
292
293 0 176 476 534
294
295 236
296 0 4 6 18 24 60 78 186 460 564
297 4 14 116
298
299 0 26 84
300 28
301
302 0 68 210
303 4 10 88
304 4 10 14 88 116 176 218
305 0 6
306 34
307
308 0 38 120
309
310 4 28 214
311 0 4 18 34 108 256 370 774
312
313 160
314 0 6 14 48 150
315 70
316 10
317 0 4 10 18 36 88 270
318 4 70 508 590
319
320 0 26 84
321 14 38 440 694
322 86
323 0 6 24
324 4
325 4 100 436 718
326 0 80 246
327 56
328 26
329 0 10 36
330 10 166
331 4 14 28 86 116 214 524 620
332 0 4 6 18 46 60 104 144 318 340 438 746 960
333
334 106
335 0
336
337
338 0 4 14 18 46 48 116 134 144 354 408 830 956
339 4
340
341 0 6 28 90 276
342 10 56 454 764
343 10 34 478 730
344 0
345 4
346 4 104 476 746
347 0
348 14 34 574 626
349 26 38 304
350 0 6 24
351 248
352 4
353 0 4 18
354
355 10 14 218
356 0 10 36
357 26
358 98
359 0 4 6 18 60
360 4
361 68
362 0 28 38 90 100 120 306
363 554 706
364
365 0 14 48
366 4 80 578 688
367 4
368 0 6 10 36 114
369 10
370
371 0
372 14 28 524 784
373 4 68 494 836
374 0 4 18
375
376 178
377 0 6 24 78 240
378 26
379
380 0 4 18 34 108 256 554 774
381 4 10 46 88 634 680
382 10 14 218
383 0 98 300
384
385 34
386 0 6 26 56 84 174 258 528 838
387 4 46
388 4 70 508 880
389 0 14 48
390 38
391 70
392 0
393 28 106 134
394 4 10 88
395 0 4 6 10 18 36 60 88 114 270 568 816
396
397
398 0
399 14
400
401 0 4 18 56 174 386 410
402 4
403 28 38 380
404 0 6 24
405
406 14
407 0 10 26 36 84 374 436
408 4 10 88
409 4 80 578 860
410 0
411 86
412
413 0 6
414 254
415 4 26 200
416 0 4 14 18 48 116 354
417 34
418 226
419 0
420 10 86 454
421 10
422 0 4 6 18 34 60 108 226 256 330 684 774
423 4 14 116
424 28
425 0
426
427 518
428 0 100 306
429 4
430 4 46
431 0 6 24 38 120 366 500
432 68
433 10 14 218
434 0 10 28 36 90 400 464
435
436 4 26 46 200 398
437 0 4 18
438
439 104
440 0 6 14 48 150
441
442
443 0 4 18 106 254 324 760 768
444 4 26 38 68 200 284 494
445 56
446 0 10 36
447 10
448 160
449 0 6 80 246 744 806
450 4 14 116
451 4
452 0
453 104
454 34
455 0 28 90
456
457 4 14 116
458 0 4 6 18 24 60 78 186 564
459 10 34 98 166 478
460 10 56 764 824
461 0 70 216
462
463
464 0 4 18 70 216 418 508
465 4 26 28 100 200 214 718 896
466
467 0 6 14 48 150
468 416
469 178
470 0 304 716 918
471 4
472 4 10 38 88 176 284 530
473 0 10 26 36 84 374 590
474 14
475 134
476 0 6 160 460 486
477
478 4
479 0 4 18 46 144
480
481
482 0
483 176
484 14 98 406
485 0 4 6 10 18 24 36 38 46 60 88 114 120 144 186 270 284 348 366 438 530 634 816 858
486 4 10 28 88 214 248 400
487
488 0
489 716 994
490
491 0 14 34 48 108 380 626
492 4 80 578
493 4
494 0 6 26 84 258
495
496 28 34 640
497 0
498 10
499 4 10 88 166 628
500 0 4 18 86 264 398 620
501 14
502 26 106 236
503 0 6 68 210 636
504 56
505
506 0 4 18
507 4 280 386
508 14 286
509 0 86 264
510 416
511 10
512 0 6 10 24 36 114 348
513 4 38 284
514 4
515 0 68 210
516
517 28
518 0 14 48
519 56
520 4
521 0 4 6 18 60
522
523 26
524 0 10 36
525 10 14 218
526 38
527 0 4 18 28 90 214 648
528 4 34 46 256 458
529
530 0 6 134 408 680
531 26 100 280
532 80
533 0 34 108
534 4 46 70 236 508
535 4 14 116
536 0
537 10 70 908 946
538 10
539 0 6 24 78
540
541 4
542 0 4 14 18 48 116 354
543
544
545 0
546 104
547
548 0 4 6 18 28 60 90 214 276 458 648
549 4
550 10
551 0 10 36
552 14 26 106 286 490
553 628
554 0 38 120
555 4
556 4
557 0 6 178 540 568
558 28
559 14
560 0 26 84 98 104 300 318
561
562 4
563 0 4 10 18 36 56 88 174 270 410 764
564 10
565 34
566 0 6 24
567 38
568 100
569 0 4 14 18 48 116 354
570 4 34 256
571
572 0
573
574 68
575 0 6 80 246 744
576 4 10 14 88 116 218 640
577 4 10 46 88 634
578 0 56 174
579 28
580
581 0 26 84
582
583 4 46 340
584 0 4 6 18 60
585 98
586 14 68 850
587 0
588
589 10 26 28 86 374 400 896
590 0 4 10 18 36 88 270
591 4
592
593 0 6 14 24 48 150 456
594
595 38
596 0
597 4
598 4 86 620
599 0
600
601
602 0 6 10 34 36 108 114 248 330 478 750
603 10 14 218
604 4
605 0 4 18
606
607 34 70 406
608 0 38 120
609
610 14 26 28 70 490 524 896
611 0 4 6 18 60 106 160 324 486 760 978
612 4 134 956
613
614 0 574 650
615 10 80
616 10
617 0 334
618 4 26 200
619 4 334 484
620 0 6 14 24 28 48 78 90 150 240 276 456 524 726 834
621
622 56
623 0
624
625 4
626 0 4 18 46 144
627 14
628 10 166
629 0 6 10 36 114
630 806
631
632 0 4 18 46 144
633 4
634 100
635 0
636 38
637 14 56
638 0 6
639 4 26 34 160 200 256
640 4
641 0 10 28 36 90 400
642 10
643 824
644 0 14 34 48 108 626 656
645 68
646 4
647 0 4 6 18 24 26 60 84 186 200 226 258 606 684 780
648
649 38
650 0 178 540
651 28 176 226
652
653 0 4 18 104 318 566 746
654 4 10 14 88 116 218 826
655 10
656 0 6 304 464 918
657 68
658 80
659 0 418
660 4
661 4 14 98 106 116 704 760
662 0 176 534
663
664 596
665 0 6
666
667 4 10 88 104 134 746 956
668 0 4 10 18 26 36 84 88 166 200 270 374 504 606
669
670
671 0 14 48 100 254 306 768
672 28 958
673
674 0 4 6 18 24 60 186
675 4 46 340 566
676 26 34
677 0 38 120
678 14 86 908
679
680 0 10 36 70 216 484 946
681 4 10 34 46 56 88 256 410 478 634 764
682 4 28 214
683 0 6 70 216 654
684 370
685
686 0 98 300
687 86
688 4 14 116
689 0 4 18
690 38
691
692 0 6
693 10
694 10
695 0 4 14 18 48 116 354
696 4 56 410
697 26
698 0 80 246
699
700 254
701 0 6 24 78
702 4
703 4 28 214
704 0
705 14 26 490
706 10
707 0 10 36
708
709 4
710 0 4 6 18 60
711
712 14
713 0 28 34 90 108 440
714
715
716 0 4 18 68 210 494
717 4
718 34 38
719 0 6 10 36 114
720 10 106
721
722 0 14 48
723 4
724 4 46
725 0
726 26
727
728 0 6 24 68 210 636 826
729 14
730 4 46
731 0 4 18 38 120 284 858
732 10
733 10
734 0 26 28 84 90 596 896
735
736
737 0 4 6 18 60 100 248 306 718 750 924
738 4 178
739 14
740 0 56 174
741 80 236
742 860
743 0 500
744 4 28 214
745 4 10 88
746 0 6 10 14 36 48 114 150 218 660 836
747
748
749 0 134 408
750 34
751 4
752 0 4 18
753 70
754
755 0 6 24 26 34 56 84 108 174 258 330 528 780 996
756 14 70
757 964
758 0 4 10 18 36 88 270
759 4 10 38 88 284 460 530
760 104
761 0
762 98
763 14 26 490
764 0 6 436 440
765 4 28 214
766 4
767 0 86 264
768
769
770 0 106 324
771 10
772 4 10 38 88 284 476 530
773 0 4 6 14 18 46 48 60 116 144 150 236 354 438 714 830
774 100 104 160
775 28
776 0 86 264
777 304
778
779 0 4 18 46 144
780 4 14 116
781 80
782 0 6 24 78
783
784 10 26 374
785 0 10 36
786 4 380 688
787 4 34 68 98 256 494 704
788 0
789 518
790 14 280 386
791 0 6
792 26 34
793 4
794 0 4 18
795
796 28
797 0 10 14 36 48 166 218 286 504 660 864
798 10
799 56 68 454
800 0 4 6 18 38 60 120 284 366 740 858
801 4
802 160
803 0
804 134
805
806 0 28 90
807 4 14 116
808 4
809 0 6 24
810 10
811 10
812 0
813 26 38
814 4 14 56 116 280 410
815 0 4 18
816
817
818 0 6
819 706
820
821 0 4 18 26 84 200 606
822 4 46
823 10
824 0 10 14 34 36 48 80 108 218 246 478 626 660
825 476
826 70
827 0 6 28 90 276
828 4 46
829 4 34 70 106 256 508 760
830 0 176 534
831 14 178 670
832
833 0
834
835 4
836 0 4 6 10 18 24 36 60 88 114 186 270 348 816 850
837 10 28 166 398 400
838
839 0
840 100
841 14 38 176 286 694
842 0 4 18 26 84 200 606
843 4
844
845 0 6
846 436
847
848 0 14 48
849 4 10 88
850 4 10 26 88 200 374 818
851 0
852
853 248
854 0 6 38 120 366
855 964
856 4 86 620
857 0 4 18
858 14 28 56 68 524
859
860 0
861 34
862 10
863 0 4 6 10 18 24 36 60 78 88 98 114 186 240 270 300 348 564 704 816 906
864 4 80 578
865 14 86
866 0 34 108
867 104
868 28
869 0
870 4 68 494
871 4 26 46 200
872 0 6
873 56
874 380
875 0 10 14 36 48 218 660
876 10 226 770
877 4 46 100 454 718
878 0 4 18
879 26 106 730
880 226
881 0 6 104 318 960
882 14 38 694
883
884 0 4 18
885 4 418 794
886 134
887 0 416
888 10 98
889 10 28 400
890 0 6 24
891 4
892 4 14 116
893 0 406
894 656
895 38
896 0 386
897
898 4 34 256
899 0 4 6 14 18 28 48 60 70 90 116 150 214 216 276 354 508 524 648 654
900 26
901 10 398 464
902 0 10 36 70 216 854 946
903 34
904
905 0 4 18
906 4
907 80
908 0 6 26 84 258
909 14
910 650
911 0 590
912 4
913 4
914 0 10 36
915 10
916 14
917 0 6 24 56 174 528
918
919 4 178
920 0 4 18 28 46 90 144 214 554 648
921
922
923 0 38 120
924
925 574
926 0 4 6 14 18 46 48 60 116 144 150 340 354 438 830
927 4 10 88
928 10 254 770
929 0 26 68 84 210 416
930 28 958
931
932 0 56 174
933 4 14 116
934 4 500 740
935 0 6 34 108 330
936 38
937 26 160 554
938 0 106 324
939 460
940 4 10 34 88 256 478 784
941 0 4 10 18 36 68 88 134 210 270 408 494 920 956
942
943 14 100
944 0 6 24 78
945 86
946
947 0 4 18 80 246 578
948 4 518 736
949
950 0 14 48
951 28
952
953 0 6 10 36 114
954 4 10 86 88 334 620
955 4
956 0 334
957 254
958 26
959 0
960 14
961 4 28 214
962 0 4 6 18 60
963 304
964 38 98 670
965 0 160 486
966 10 26 166 374 568
967 10 14 218
968 0 4 18
969 4 46
970
971 0 6 24
972 34 70
973
974 0 104 318
975 4 46 70 508 794
976 4 56 410
977 0 14 34 38 48 108 120 626 694
978
979 10
980 0 6 10 36 100 114 236 306 714 924
981
982 4 28 214
983 0 4 18
984 14
985
986 0
987 26
988 104 106 248
989 0 4 6 18 60 98 300 458 704 906
990 4 80 578
991 56
992 0 10 28 36 90 400
993 10
994 14
995 0 26 84
996 4
997 4
998 0 6 24
999
