0 20
1 0 4 18
2 10
3
4 0 4 18
5 44
6 76
7 0 6 10 36 114
8 4 20 158
9 208
10 0 86 264
11 4 44 326
12 394
13 0 154 468
14 16 26 548
15 4 10 46 88 634
16 0 6 24 78 240 726
17 824
18 4 16 46 130 928
19 0 344
20 10 86
21
22 0 4 18 64 198 466
23 20 64
24 38
25 0 4 6 18 26 60 84 200 258 606
26
27
28 0 10 36 56 174 764
29 4 350
30
31 0 20 38 66 120 940
32 4 428
33 10 16 166 244
34 0 6 376
35
36 4 544
37 0 16 54 68 210
38
39 4 640
40 0
41 10 380
42
43 0 4 6 18 24 26 60 84 186 200 258 606 780
44
45
46 0 4 10 18 20 36 66 88 158 270 296 480 894
47 76 80
48
49 0
50 4
51 56 128
52 0 6 16 44 54 138 168 420 890
53 4
54 10 20 26 296 374 664
55 0
56 16 488
57 4
58 0 44 68 138 210
59 10 794
60 4
61 0 6
62
63
64 0 4 18 46 80 144 246 578
65 38 304
66
67 0 4 10 18 36 46 88 144 270 340 634
68
69 20 614
70 0 6 24 538
71 4 16 110 130 788
72 10 26 38 374 530
73 0
74 4
75 16 880
76 0
77 20 766
78 4
79 0 6
80 10 110 166
81 4
82 0
83 26 706
84
85 0 4 10 18 36 76 88 234 270 550
86
87 56 380
88 0 4 6 18 60 364
89 64 350
90 16 64 358
91 0
92 4 20 154 158
93 10
94 0 16 54 460
95 4
96
97 0 6 24 78 344
98 10
99 4 44 86 326 620
100 0 20 66 430
101 26
102 4
103 0
104
105 44 698
106 0 4 6 10 18 36 38 60 88 114 120 270 284 366 530 816 858
107
108 68 488
109 0 4 16 18 54 86 130 264 396 620
110 56 610
111 10
112 0 26 84 428
113 4 16 38 46 130 284 776 928
114
115 0 6 20 66 188 204 570
116 4 46 818
117
118 0
119 10
120 4
121 0
122
123 4 20 158 278
124 0 6 10 24 36 114 128 348 390
125
126 76 598
127 0 4 18
128 16
129 68 698
130 0 4 18 26 80 84 200 246 578 606
131
132 10 16 208 244
133 0 6
134 4
135
136 0
137 4 10 88 614
138 20
139 0
140 188 304
141 4 26 200 290
142 0 6
143 190 314
144 4
145 0 10 36
146 20 44 56
147 16 38 80 776
148 0 4 18
149
150 10
151 0 4 6 16 18 24 54 60 130 168 186 358 396 510
152 44
153
154 0 38 120 574
155 4
156 64
157 0 64 198 364
158 4 10 88 818
159 26
160 0 6
161 20
162 4 46 226 340
163 0 10 36
164 76
165 4 46
166 0 16 54
167
168
169 0 4 6 18 20 56 60 66 158 174 204 410 480 528
170 16 26 154 548
171 10
172 0 4 18
173
174
175 0
176 4 10 88
177
178 0 6 24 78
179 4 68 190 494
180
181 0
182 128 754
183 4
184 0 10 20 36 66 110 296 336 894
185 16
186 4
187 0 6
188 26 38 86
189 10 16 244 430
190 0 4 18
191
192 20
193 0 4 18 44 110 138 326 336 788 984
194
195 38
196 0 6
197 4 10 88
198 86
199 0 26 44 84 138 838
200 4 68 238 494
201 308 386
202 0 10 36 166 238 504 720
203
204 4 16 130 934
205 0 6 24 56 76 174 234 528 708
206
207 4 20 158 794
208 0 16 54
209
210 10
211 0 4 18 46 144 904
212
213 80
214 0 4 6 18 46 60 144 308 438 930
215 10 20 296 460
216
217 0 26 84
218 4
219 376
220 0 208 226 630 684
221 4
222
223 0 6 10 16 36 54 64 114 168 198 244 600 738 868
224 64
225 4
226 0
227 16
228 4 10 26 56 88 200 374 410 764
229 0 38 120
230 20 80
231 274 574
232 0 4 6 18 24 60 186 850
233
234
235 0 4 18
236 10 38 310 530
237
238 0 20 66
239 4
240 44
241 0 6 10 36 114
242 4 16 130
243 76
244 0
245
246 4 16 26 44 130 200 326 548 890
247 0
248
249 4 10 88 154 166
250 0 6 68 210 290 636 876
251
252 278 674
253 0 4 18 20 66 158 394 480
254 10
255 128
256 0 4 18
257 26
258
259 0 6 24 78 240 824
260 4 46
261 16 20 434 464
262 0 10 36
263 4 46
264 56
265 0 16 54
266
267 4 10 88
268 0 6
269
270 4 38 284 758
271 0 68 210
272
273
274 0 4 18
275 10 26 374 598
276 20
277 0 4 6 18 38 60 86 120 264 284 366 620 798 858
278
279
280 0 10 16 36 54 244 314 738 948
281 4
282
283 0
284 4 16 20 76 130 158 434 550
285
286 0 6 24 26 84 258 310 780 936
287 44 56 86
288 4 10 88
289 0
290 64
291 4 64 466 538
292 0
293 10 44 418 608
294
295 0 4 6 18 60
296 80
297 110
298 0 4 18
299 16 20 434 610
300 476 560
301 0 10 36
302 4
303 16
304 0 6 26 84 258
305 4
306 10 110 188
307 0 20 66
308
309 4 46
310 0
311 38
312 4 46
313 0 6 24 80 128 246 390 744
314 10
315 26
316 0 4 18
317
318 16 38 386 776
319 0 4 10 18 36 88 270
320
321 68
322 0 6 16 20 54 66 76 168 204 234 434 708
323 4 56 410 754
324
325 0
326 4
327 10 154
328 0
329 544 590
330 4 20 158
331 0 6 188 570
332 10
333 4 26 200
334 0 44 138
335
336 190
337 0 4 16 18 54 130 396 850
338
339 476 716
340 0 4 6 10 18 24 36 44 60 78 88 114 138 186 270 326 348 420 564 608 816 984
341 16
342 68
343 0 208 554 630
344 4 26 200
345 10 20 296
346 0 56 174
347 4
348
349 0 6
350
351 4
352 0 38 120
353 10 20 296
354 4
355 0
356 16
357 64
358 0 4 6 10 18 36 46 60 64 88 114 144 198 270 438 466 600 634 816 868
359 38
360 16
361 0 4 18 46 144
362 26 464 838
363 76
364 0
365 4
366 10 86 344
367 0 6 24
368 4 20 158
369
370 0
371 10 166
372 4 190 304
373 0 26 84
374
375 4 16 130
376 0 6 20 66 86 204 264 526 798
377
378
379 0 4 10 16 18 36 54 80 88 130 244 246 270 396 578 738
380
381 44
382 0 4 18 56 174 350 410
383
384 10
385 0 6
386 4 128 484 914
387 44
388 0
389 4
390 640 706
391 0 20 26 66 84 226 664 684
392 10 68 496 920
393 4 38 284
394 0 6 16 24 54 168 510 904
395
396 4 80 578 806
397 0 10 36
398 16
399 20
400 0 4 18 38 120 284 554 858
401 76
402 26
403 0 4 6 18 60
404 278
405 10 56 638 764
406 0 154 468
407 4 46
408
409 0 394 418
410 4 10 46 88 110 340 634 788
411
412 0 6
413 16 68 376
414 4 20 158
415 0
416
417 4 16 130
418 0 10 36 166 504
419 110
420 26
421 0 4 6 18 24 60 78 186 564 934
422 20
423 10
424 0 4 18 64 198 380 466
425 64
426 484
427 0
428 4 44 326
429
430 0 6
431 4 10 26 88 200 208 374
432 16
433 0
434 38 44 290
435 4
436 0 10 16 36 54 244 738 766
437 20
438 4
439 0 6
440 496
441 38 56 238
442 0 4 18 76 234 350 550
443 238
444 10 128 344
445 0 4 18 20 66 158 480
446
447 304
448 0 6 24
449 4 10 26 88 200 226 374
450 638 944
451 0 16 54 358 560
452 4
453
454 0
455 16 86 364
456 4 46
457 0 6 10 36 114
458
459 4 46
460 0 20 26 66 84 314 664 948
461
462 10 80 590
463 0 4 18 68 210 428 494
464 56
465 86
466 0 4 6 18 60
467
468 20
469 0
470 4 10 16 88 130 244 380
471
472 0
473 4
474 16
475 0 6 10 24 36 38 44 114 120 138 348 366 420 530 608
476
477 4
478 0 26 84
479 80
480 4 76 550
481 0 44 138
482 38
483 10 20 296
484 0 4 6 18 60 68 154 210 468 494 636
485
486 740 950
487 0 4 18
488 10
489 16 26 548
490 0
491 4 20 64 158 466
492 64
493 0 6 16 54 168
494 4
495
496 0 10 36
497 188
498 4
499 0
500 56
501 4 10 88
502 0 6 24 78 240
503
504
505 0 4 18 46 144 340 740
506 20 526
507 26
508 0 4 16 18 46 54 130 144 274 396 828 928
509 10
510
511 0 6
512 4 16 130 308 358
513
514 0 10 20 36 66 296 880 894
515 4
516 38
517 0 128 390
518 26
519 4
520 0 6
521 76
522 4 10 44 88 188 326 608
523 0 38 56 110 120 174 336
524 364
525 308
526 0 4 18
527 10 16 244
528 44
529 0 4 6 18 20 24 60 66 158 186 190 204 480 576 618
530
531 16
532 0 110 336
533 4 278 430
534 68
535 0 10 36
536 4 26 200
537 20
538 0 6
539
540 4 10 88 166 736
541 0
542
543 4 290 428
544 0 86 264
545 80
546 16
547 0 4 6 18 26 60 84 200 258 488 606
548 10
549 310
550 0 4 16 18 54 130 396
551
552 20
553 0 10 36
554 4 46 86 208 620
555 68
556 0 6 24
557 4 38 46 284 460
558 64
559 0 56 64 76 174 198 234
560 20
561 4 10 88
562 0 80 246
563 154
564 4 38 284
565 0 6 16 26 54 84 168 190 258 548 576
566 10
567
568 0 4 18
569 16 44 890
570
571 0 4 18
572
573
574 0 6 10 36 114
575 4 20 44 128 158 326 914
576 26
577 0
578 4
579 10
580 0
581
582 4 56 410
583 0 6 20 24 66 78 204 544 618
584 16
585 4
586 0
587 10 166
588 16
589 0 4 18
590 386
591
592 0 4 6 10 18 36 60 88 114 270 816
593
594 26
595 0
596 4
597 314
598 0 20 38 66 120 376 940
599 4 310 488
600 10 76
601 0 6
602
603 4 16 46 130 928
604 0
605 10 26 38 68 374 530 920
606 4 20 46 158 974
607 0 16 54
608
609
610 0 4 6 18 24 60 186
611 538
612
613 0 4 10 18 36 88 270
614
615
616 0 44 138
617 4
618 10 56 764
619 0 6
620 4 226 716
621 20
622 0 16 44 54 138 430 890
623 26
624 4
625 0 64 198
626 10 16 64 68 244 868 920
627 4
628 0 6 80 246 744
629 20
630
631 0 4 10 18 36 88 270
632
633 86
634 0 4 18 26 84 200 606
635
636 110
637 0 6 24
638 4 76 550
639 10 38 530
640 0
641 4 16 56 130 154 410
642 208
643 0 86 264
644 10 20 296
645 4 16 80 110 130 578 788
646 0 6 38 120 366
647
648 4 128 914
649 0
650 394
651 674
652 0 4 10 18 20 26 36 46 66 84 88 144 158 200 270 296 374 480 606 634 664 894
653
654
655 0 4 6 18 46 60 144 438
656
657 10
658 0
659 4
660 16
661 0
662 4
663 26 44 964
664 0 6 16 24 54 78 168 510 856
665 10
666 4
667 0 20 66
668
669 4 44 326
670 0 10 36
671
672
673 0 4 6 18 60
674
675 20
676 0 4 18 68 210 494 916
677 56
678 10 226 460
679 0 16 54 76 234 304 918
680 4 38 284
681 26
682 0 6 238 640 720
683 4 10 16 88 130 244 806
684 238
685 0 278 840
686 614
687 4 38 284
688 0 188 570
689
690 4 20 158
691 0 6 10 24 36 114 348
692 26 64 736
693 64
694 0 4 18
695
696 10
697 0 4 18 68 210 494 974
698 16 20 434
699
700 0 6 56 174 528
701 4 46
702 16
703 0
704 4 10 46 88 634
705
706 0 128 390
707 386
708 4
709 0 6 10 36 114 166 504 988
710 26 44
711 4 80 578
712 0
713 20 188 344
714 418
715 0 4 18
716 44
717 10 16 76 244
718 0 4 6 18 24 60 186
719
720 154
721 0 16 20 26 38 54 66 84 120 434 548 664 776 940
722 4 10 86 88 190 620
723 610
724 0
725 4
726
727 0 6 290 598 876
728 38 80 464
729 4
730 0 10 36
731 574
732 4 86 620
733 0
734
735 10 350
736 0 4 6 16 18 20 54 56 60 66 130 158 168 174 204 396 410 434 480 528
737
738
739 0 4 18 26 84 200 606
740 16
741
742 0
743 4 10 88
744 20
745 0 6 24 78 240 726 758
746 4
747 68
748 0 10 36
749 110
750 4 26 46 200
751 0
752
753 4 46 340
754 0 6 304 614 918
755 16
756 10 166
757 0 4 18 44 138 326 984
758 76 110 190
759 16 20 56 64 434
760 0 4 18 64 198 466
761 10
762 38
763 0 6 44 138 420
764 4
765 208
766 0
767 4 20 158
768 26 68 856
769 0 10 36 38 120 530
770
771 4
772 0 6 24
773
774 4 10 16 88 130 244
775 0
776
777 314
778 0 4 16 18 54 130 396
779 26 128 476
780
781 0 4 6 18 60
782 10 20 296
783
784 0
785 4 274 950
786
787 0 10 36
788 4
789
790 0 6 20 66 204
791 344
792 4 376 706
793 0 16 54
794 80
795 4 10 56 88 350 410 764
796 0 76 234
797 16 26 548
798 154
799 0 4 6 18 24 46 60 144 186 438
800 10
801
802 0 4 18 46 144
803 38
804 44
805 0 20 66
806 4 394 698
807 380
808 0 6 10 26 36 84 114 258 374 574
809 4
810 38 44
811 0 80 86 246 264
812 16 358
813 4 10 20 88 158 296 944
814 0 278 840
815
816 4 16 130
817 0 6
818 56 68 476
819
820 0 4 18
821 10 86
822 364
823 0 4 18 308 930
824
825
826 0 6 10 24 26 36 64 78 84 114 198 258 348 374 600 780 868
827 4 64 466
828 20
829 0 464
830 4 418 698
831 16
832 0 538
833
834 4 10 88
835 0 6 16 54 168
836 20 290 308
837 4 26 76 128 200 550 914
838 0
839 10 68 920
840
841 0 4 18
842
843
844 0 4 6 18 38 60 120 284 366 824 858
845
846 766
847 0 10 36
848 4 46 340
849 226
850 0 16 54
851 4 20 38 44 46 158 284 326 940
852 10
853 0 6 24 208 380 630
854 16 56
855 4 26 200
856 0 794 916
857 44
858 4
859 0 20 66
860 10
861
862 0 4 6 18 60 110 310 336 788 936
863 560
864
865 0 4 10 18 36 88 270
866 26
867
868 0
869 4 16 130
870
871 0 6 110 336
872 4
873 10 16 244 358 484
874 0 20 66
875 76
876 4 544 598
877 0 56 80 154 174 246 468
878 10 166
879 4 188
880 0 6 24
881
882 20
883 0 4 18
884 26
885 38
886 0 4 10 18 36 88 270
887
888 16
889 0 6 68 210 636
890 4
891 10 364 496
892 0 16 38 54 120 776
893 4 64 466
894 64 80 428
895 0 26 84
896
897 4 20 46 158
898 0 6 44 138 420
899 10
900 4 46 86 554 620
901 0
902
903
904 0 4 10 18 36 44 88 138 188 270 326 570 608 984
905 20 526
906
907 0 4 6 16 18 24 54 60 78 130 168 186 226 396 510 564 684
908
909
910 0 68 86 128 210 264 390
911 4 16 130
912 10 310 610
913 0 26 56 84 174 484
914 4 314
915 190
916 0 6 76 234 708
917 10
918 4
919 0
920 20
921 4
922 0 590
923 238
924 26
925 0 4 6 10 18 36 60 88 114 166 238 270 504 720 816
926 16 38 776
927
928 0 4 18 20 66 158 480
929 674
930 10 16 244
931 0
932 4
933 38
934 0 6 24
935 4
936 56
937 0 818
938 10
939 4 496 754
940 0
941
942 4 26 200
943 0 6 10 20 36 66 114 204 296 894 988
944
945 16 44 890
946 0 4 18 46 144
947
948
949 0 4 16 18 46 54 130 144 396 928 964
950
951 10 20 44 190 296 608
952 0 6
953 4 26 200
954 76
955 0 154 468
956 4 10 88
957 554
958 0 880
959
960 4 64 68 80 466 494 578
961 0 6 24 64 198 600
962
963 4
964 0 10 16 36 54 244 738
965
966 20 278 430
967 0 4 18 38 120 284 858
968 16 128
969 10
970 0 4 6 18 60
971 26
972 56
973 0
974 4 20 38 158 284 428 940
975 110
976 0 208 630
977 4 10 80 88 376 578
978
979 0 6 386 818
980
981 4 68 494
982 0 10 26 36 84 374
983 16
984 4 110 788
985 0
986 304
987 16
988 0 4 6 18 24 60 78 186 240 564
989 20 86
990 10
991 0 4 18
992 44
993
994 0
995 4 10 46 56 76 88 410 550 634 764
996
997 0 6 20 66 204
998 4 44 46 326
999 86
