0 0 2 12
1 10
2 2
3 0 6
4 26
5 2 8 52
6 0 26 84
7 2 22 122
8 10 166
9 0 70 216
10 2 8 22 52 272
11 334
12 0 2 6 12 24 42 78 132 402
13 476
14 10 40 556
15 0 2 12 40 126 212 642
16 8 64 734
17 2 164 832
18 0 310 936
19
20 2 230
21 0 6 8 10 30 36 96 114 140 426
22 2 280
23
24 0 560
25 2 364
26
27 0 2 8 10 12 30 36 52 62 140 162 192 426 712
28
29 34 64
30 0 2 6 12 42 56 174 292 528 882
31
32 2 8 22 52 118 272 602
33 0 26 34 84 108
34 10 260
35 2 22 26 122 142 722
36 0
37 2 808
38 8 386
39 0 6 24 164 498
40 2 10 62 70 362 946
41
42 0 2 12 346
43 8 496
44
45 0 2 12 398
46
47 2 10 62 98 502
48 0 6 758
49 8 56 118 646
50 2
51 0
52 2
53 10 640
54 0 8 30 260 786
55 2
56
57 0 2 6 12 22 40 42 72 126 212 222 384 642
58 40 230
59
60 0 2 8 10 12 22 30 36 52 62 72 140 162 192 272 322 426 712 822 972
61
62 2 26 76 142 392
63 0
64 26 418
65 2 8 52 226
66 0 6 10 24 34 36 108 114 330 348 478 996
67 2
68
69 0
70 2 34 76 182 392
71 8
72 0 2 12
73 10
74
75 0 2 6 12 42 370
76 8
77 2
78 0
79 10
80 2
81 0
82 2 8 22 52 70 272 362 800
83 64 304
84 0 6
85 2 22 860
86 10
87 0 2 8 12 30 52 134 162 408 682
88 98 226
89 56 398
90 0 2 12
91 26 850
92 2 10 62 386
93 0 6 8 24 26 30 78 84 96 258 294 316 780 888 954
94
95 2
96 0 64 134 198 408
97 2
98 8
99 0 10 36 748
100 2 40 136 212 692
101 40 706
102 0 2 6 12 42 688
103 34 854
104 8
105 0 2 10 12 36 62 166 192 504 842
106
107 2 22 34 182 922
108 0 56 174 194 588
109 8
110 2 22
111 0 6
112 2 10 62 574
113 70 520
114 0
115 2 8 52 716
116
117 0 2 12
118 10
119
120 0 2 6 8 12 24 26 30 42 52 84 96 132 142 162 258 294 316 432 492 780 954
121
122 2 26 142 304
123 0
124
125 2 10 62 716
126 0 8 30
127 2
128
129 0 6
130 2
131 8 10 140 356
132 0 2 12 22 72 122 136 372 414 692
133
134
135 0 2 12 22 72 724
136
137 2 8 52
138 0 6 10 36 114 484
139
140 2 34 182 314
141 0 76 234 248 750
142 2 8 52
143 40
144 0 10 34 36 40 108 126 478 556
145 2
146 224 278
147 0 2 6 12 24 42 132 476
148 8 56 98 646
149 26 76 838
150 0 2 12 64 198 332
151 10 26 178 374
152 2
153 0 8 30 118 190 360 576
154
155 2 70 194 362 982
156 0 6
157 2 10 22 62 224 322
158
159 0 8 30
160 2 22 122 610
161
162 0 2 12
163 64
164 8 10 140 560
165 0 2 6 12 42
166
167 2 56 280 292
168 0
169 190 440
170 2 8 10 52 62 118 140 602 712
171 0
172 2
173
174 0 6 24 78 240 370
175 2 8 52
176
177 0 2 10 12 34 36 62 108 166 182 192 478 504 552 842
178 26
179
180 0 2 12 26 84 142 220 432 666
181 8 34 238 404
182 2 22
183 0 6 10 36 114 854
184 164 604
185 2 22
186 0 8 30 40 70 126 216 470 800
187 2 40 212 484
188
189 0 98 300 350
190 2 10 62
191 310 346
192 0 2 6 8 12 30 42 52 96 162 220 492 666
193
194 248 446
195 0 2 12
196 10
197 2 8 52
198 0
199
200 2
201 0 6 24
202 2
203 8 10 140 860
204 0
205 2
206 164 758
207 0 2 12 22 26 56 72 84 142 174 292 432 722 882
208 8
209 10 26 344 374
210 0 2 6 12 22 42 72 222 584
211
212 2
213 0
214 8 34 334 404
215 2
216 0 10 36
217 2 64 332 418
218 34
219 0 6 8 30 96
220 2 76 364 392
221 238 604
222 0 2 10 12 36 62 192 754
223
224 134
225 0 2 8 12 30 52 162 916
226 56
227 2
228 0 6 24 70 76 216 234 654 708
229 10 40 278 556
230 2 8 40 52 64 212 332 470 734
231 0
232 2 22
233 134
234 0
235 2 10 22 62 322 506
236 8 26 316 520
237 0 2 6 12 42
238 26
239 136
240 0 2 12
241 8
242 2 10 62
243 0
244
245 2
246 0 6
247 2 8 52
248 10
249 0 98 300 610
250 2
251 34
252 0 2 8 12 30 52 162
253 230 820
254 344 554
255 0 2 6 10 12 24 34 36 42 62 78 108 114 132 182 192 330 348 402 478 552 582 996
256
257 2 22 122
258 0 8 30
259 70
260 2 22
261 0 10 36
262 2
263 8
264 0 6
265 2 26 142
266 56
267 0 2 12 26 84 142 432 488
268 10
269 8
270 0 2 12
271 136
272 2 40 212
273 0 6 40 126 384 574
274 8 10 118 140 166
275 2
276 0
277 2
278
279 0
280 2 8 52
281 10
282 0 2 6 12 22 24 42 72 132 222 350 672
283 314 754
284 64
285 0 2 8 12 22 30 52 56 72 122 162 174 272 292 372 646 822 882
286
287 2 10 62
288 0 34 108
289
290 2 98 496 502
291 0 6 8 30 96 118 230 360 696
292 2 34 182
293
294 0 10 26 36 84 226 374 684
295 2
296 8 26 316 820
297 0 2 12 64 198 260 332 786
298
299 76
300 0 2 6 10 12 36 42 62 114 192 458 582
301 70
302 2 8 52
303 0
304
305 2 194 280 982
306 0
307 2 8 10 22 52 62 76 140 272 322 392 712 866
308
309 0 6 24
310 2 22
311
312 0 2 12
313 8 10 140
314
315 0 2 12 40 126 212 458 642
316 40
317 2 226 260
318 0 6 8 30 96
319
320 2 10 62
321 0
322 2
323 26
324 0 8 30
325 2 26 34 56 142 182 292
326 10
327 0 2 6 12 42
328
329 8 34 404 794
330 0 2 12
331 310
332 2 22 70 178 362 902
333 0 10 36
334
335 2 8 22 52 272
336 0 6 24 78
337 2
338
339 0 10 36
340 2 8 52
341
342 0 2 12
343
344 56
345 0 2 6 12 42
346 8 10 140 166 190
347 2
348 0 334 356
349
350 2 98 502 724
351 0 8 30 64 164 198 498 734
352 2 10 26 62 142 194 374 982
353
354 0 6 26 84 258
355 2
356
357 0 2 8 12 22 30 52 72 162 272 460 822
358 40
359 10 40 556 688
360 0 2 12 22 72
361 134
362 2 8 34 52 182 190 404 962
363 0 6 24
364 64
365 2 10 62
366 0 34 108
367 2
368 8
369 0
370 2 134 596 682
371
372 0 2 6 10 12 36 42 62 114 192 582 706
373 8 164 224
374 70
375 0 2 12
376 640 656
377 2
378 0 10 36 76 136 234 414
379 8
380 2
381 0 6 26 84 258
382 2 22 122
383 26
384 0 8 30 56 174 224 646 678
385 2 10 22 62 322
386 76
387 0 2 12
388 488 916
389
390 0 2 6 8 12 24 30 42 52 96 132 162 294 304 492 918
391 10 98 346
392 2 248 364
393 0
394
395 2 8 52 118 602 770
396 0
397 2
398 10
399 0 6 34 108 330
400 2
401 8 40 470
402 0 2 12 40 126 212 642 748
403 34 56 220
404 10
405 0 2 12 70 216 362 446
406 8
407 2 22
408 0 6
409
410 2 22 26 122 136 142 692 722
411 0 10 36
412 2 8 26 52 118 142 316 602 838
413
414 0
415 2 220 460
416
417 0 2 6 8 10 12 24 30 36 42 52 62 78 96 114 132 140 162 192 240 294 348 402 426 492 582 712 726 888
418 64
419
420 0 2 12
421
422 2 238 440
423 0 8 30
424 10
425 2
426 0 6
427 2 278 386
428 8
429 0 304 596 918
430 2 10 62
431 64
432 0 2 12 22 72
433
434 8
435 0 2 6 12 22 42 72 222
436 34
437 2 10 62
438 0
439 8 26 316
440 2 34 182
441 0 26 84
442 2
443 10 56 166 764
444 0 6 24 40 126 384 506
445 2 8 40 52 212 248 470
446 398
447 0 2 12 70 216 362 544
448 370
449
450 0 2 8 10 12 30 36 52 62 140 162 192 280 426 712 846
451 98
452 2
453 0 6
454
455 2
456 0 8 10 30 36 140 426
457 2 22 76 314 392
458
459 0
460 2 22
461 8
462 0 2 6 12 42 56 174 238 292 528 720 882
463 10
464
465 0 2 12 76 234 392 544
466
467 2 8 52
468 0 26 84
469 10
470 2 26 142
471 0 6 24
472 2 8 52
473 34
474 0
475 2
476 10
477 0 2 12 34 108 182 552
478 8 70 800 850
479
480 0 2 6 12 42
481 386
482 2 10 22 62 322
483 0 8 30
484
485 2 22 64 332 418
486 0 230 696
487 2 40 212
488 40
489 0 6 8 10 30 36 96 114 140 426 554
490 2 356 398
491
492 0 2 12 98 300 476 502
493
494 8
495 0 2 10 12 36 62 192
496
497 2 26 142
498 0 6 24 64 78 134 198 408 600
499 26
500 2 8 52
501 0
502 2 10 56 62 194 292 764 982
503 656
504 0 310 808 936
505 2 8 52
506
507 0 2 6 12 22 42 72 122 134 222 372 408 622 682
508 10
509
510 0 2 12 22 34 72 108 182 278 552 840 922
511 8
512 2
513 0 178 540
514 34
515 2 10 62 166 842 938
516 0 6 8 30 96 118 360 730
517 2 136 692
518 164
519 0
520 2 70 362
521 10 56 764
522 0 2 8 12 30 52 162
523 226
524 230
525 0 2 6 12 24 42 132
526 26
527 2 8 52
528 0 10 26 36 84 374 736
529 766
530 2 40 212
531 0 40 126
532 2 22
533 8 118
534 0 6 10 36 114
535 2 22 122 622
536 76
537 0 2 12
538 8
539 190
540 0 2 12 164 346 498 832
541 10
542 2 350 496
543 0 6
544 8 76 866
545 2
546 0 226 684
547 2 10 34 62 182 370 478
548
549 0 8 30 136 194 414 588
550 2
551 34 70 334
552 0 2 6 12 24 42 64 98 132 198 300 332 502 600 906
553
554 10
555 0 2 8 12 26 30 52 84 142 162 190 316 432 576 954 962
556 344
557 2 22 26 142 722
558 0
559
560 2 8 10 22 52 62 140 260 272 322 712
561 0 6 56 174 528
562 2
563
564 0
565 2 64 332
566 8
567 0 2 10 12 36 62 192
568
569
570 0 2 6 12 42
571 8
572 2
573 0 10 36 40 126 556 584
574 40
575 2
576 0
577 2 8 52
578
579 0 6 24 78
580 2 10 56 62 260 292 764
581
582 0 2 8 12 22 30 52 72 162 272 822
583
584 26 34 950
585 0 2 12 22 72
586 10 26 374
587 2 364 560
588 0 6 8 30 34 96 108 280 330 404 846
589
590 2
591 0
592 2
593 8 10 70 98 140 800 946
594 0
595 2
596
597 0 2 6 12 42
598
599 8 10 140
600 0 2 12 224 314 678 948
601 344
602 2
603 0
604 8
605 2
606 0 6 10 24 36 114 348
607 2 22
608
609 0
610 2 8 22 52 272
611 224
612 0 2 10 12 36 62 166 192 440 504 842
613 26
614
615 0 2 6 8 12 26 30 42 52 76 84 96 142 162 234 258 316 392 432 492 708 866 954
616 40
617 2 40 212
618 0
619 10 64 868
620 2 56 292
621 0 8 30 34 108 404 944
622 2
623 76
624 0 6 70 216 654
625 2 10 34 62 182 478 484
626 8 220 476
627 0 2 12
628
629 856
630 0 2 12
631
632 2 8 10 22 52 62 64 122 140 272 322 332 712 734 868
633 0 6 24
634
635 2 22 134 350 682
636 0 520 770
637 2 8 52 118 602
638 10 220 418
639 0 56 174
640 2
641
642 0 2 6 12 26 42 84 142 258 432 944
643 8 248 446
644 26 134 310
645 0 2 10 12 36 62 192
646
647 2
648 0 8 30
649
650 2
651 0 6 10 36 114
652 2
653 98
654 0 8 30 118 360
655 2
656 136
657 0 2 12 22 72
658 10 34 478
659 8 40 470
660 0 2 6 12 22 24 40 42 72 78 122 126 132 212 222 240 372 384 402 642 672
661
662 2 34 182
663 0 238 720
664 10
665 2 8 52
666 0 70 216
667 2
668
669 0 6
670 2 8 52
671 10 26 374
672 0 2 12
673 26
674 484
675 0 2 12
676 8
677 2 10 62
678 0 6
679 56
680 2
681 0 8 30
682 2 22
683
684 0 10 36 166 504
685 2 22 164 334 832
686 64
687 0 2 6 8 12 24 30 42 52 96 132 162 294 492 950
688 136
689 574
690 0 2 10 12 36 62 192
691
692 2 8 52
693 0
694 76 98 178
695 2 34 182
696 0 6 248 640 750
697 2 10 62 70 304 362 946
698 8 56 646
699 0 34 64 108 194 198 588
700 2 26 142
701
702 0 2 12 26 40 76 84 126 142 212 234 392 432 642
703 8 10 40 140 238 470 556
704 736
705 0 2 6 12 42
706 730
707 2 22 164 356 832
708 0 278 840
709 8
710 2 10 22 62 322
711 0
712 2
713
714 0 6 8 24 30 96 294
715 2
716 10
717 0 2 12
718
719 230
720 0 2 8 12 30 52 162
721
722 2
723 0 6 10 36 114
724
725 2 8 52
726 0
727 2 560
728
729 0 10 26 36 84 374
730 2
731 8 26 316
732 0 2 6 12 22 34 42 72 108 182 190 222 330 552 576 922 962
733 280
734 794
735 0 2 12 22 72
736 8 10 34 140 304 404 478
737 2
738 0 56 174
739 70
740 2 346 938
741 0 6 24 78
742 2 8 10 52 62 140 712
743
744 0 506
745 2 40 212
746 40 194
747 0 2 8 12 30 52 162
748 190
749 10
750 0 2 6 12 42
751
752 2 226
753 0 8 30 64 198 734 766
754 98
755 2 10 62
756 0
757 2 22 56 122 230 292
758 8 26 118 316 488
759 0 6 364 520
760 2 22 26 142 722
761 458
762 0 2 10 12 36 62 192
763
764 8
765 0 2 12
766 64
767 2
768 0 6 10 24 36 114 348
769 8 34 404
770 2 70 362
771 0
772 2 134 682
773 34 76 610
774 0 314 948
775 2 8 10 52 62 118 140 226 602 712
776 458
777 0 2 6 12 42
778 964
779
780 0 2 8 12 30 52 162
781 10 76 134 166
782 2 22
783 0
784
785 2 22 122
786 0 6 8 30 96
787 2 26 142
788 10 40 556
789 0 26 40 84 126 496
790 2
791 8 278 604
792 0 2 12
793 688
794 10
795 0 2 6 12 24 42 98 132 136 300 414 502 692 906
796
797 2 8 52 56 292 584 646
798 0
799
800 2
801 0 10 36
802 2 8 52
803 856
804 0 6
805 2
806 34
807 0 2 10 12 22 36 62 72 192 322 972
808 8
809 758
810 0 2 12 22 34 72 108 182 552 706 922
811 554
812 2 70 362
813 0 6 8 30 96
814 10
815 2
816 0 26 56 84 174 386
817 2 310
818 26
819 0 8 30
820 2 10 62 64 332 460 868
821 370
822 0 2 6 12 24 42 78 132 402
823 260
824 8
825 0 2 12
826
827 2 10 62 136 224 692
828 0 604
829
830 2 8 52
831 0 6 40 126 384
832 2 22 40 212
833 10 64 868
834 0 716 964
835 2 8 22 52 272
836
837 0 2 12
838 224
839
840 0 2 6 10 12 36 42 62 114 192 582
841 8
842 2
843 0 34 70 108 216 260 786
844 716
845 2 26 142
846 0 8 10 30 36 140 426
847 2 26 34 142 182 398
848 808
849 0 6 24 220 356 666
850 2 574 748
851
852 0 2 8 12 30 52 76 162 164 234 392 498 832 866
853 10 166
854 446
855 0 2 12 98 300 502
856 56
857 2 8 22 52 272
858 0 6
859 10
860 2 22 76 392
861 0 220 666
862 2 610 724
863 8
864 0
865 2 440
866 10
867 0 2 6 12 42
868 8
869
870 0 2 12 386
871 280
872 2 10 62
873 0
874 8 26 40 164 316 470
875 2 40 56 178 212 292 902
876 0 6 24 26 84 258 780
877 2
878 460
879 0 8 10 30 36 118 140 360 426 488
880 2 34 182
881
882 0 2 12 22 72 122 372
883
884 34
885 0 2 6 8 10 12 22 30 36 42 52 62 70 72 96 114 140 162 192 216 222 272 322 362 426 492 582 654 712 800 822 946 972
886
887 2 64 332
888 0 334
889 346
890 2 8 52
891 0 398
892 2 10 62
893
894 0 6 248 750
895 2 350
896 8 98 118 194
897 0 2 12
898 10
899
900 0 2 12 64 198 332
901 8
902 2
903 0 6 24 26 78 84 240 258 344 780
904 238
905 2 10 26 62 142 374
906 0 418
907 2 8 22 52 272
908
909 0 134 408
910 2 22 122
911 10
912 0 2 6 8 12 30 42 52 96 162 492
913
914
915 0 2 12 56 174 292 882
916 70
917 2 34 40 182 212 314
918 0 8 10 30 36 40 126 134 140 408 426 470 556
919
920 2 370
921 0 6 34 108 330
922 2
923 8
924 0 10 36
925 2 190 962
926
927 0 2 12
928
929 8
930 0 2 6 12 24 42 132
931 10 76
932 2 22 26 142 722
933 0
934 8 26 56 136 316 646
935 2 22
936 0
937 2 10 62
938
939 0 6 76 234 708
940 2 8 52
941 190
942 0 2 12
943 194
944 10 238 850
945 0 2 8 12 30 52 162
946
947 2 248
948 0 6 344 860
949
950 2 10 62 166 842
951 0 8 30
952 2 230
953 506
954 0 34 64 108 198 364
955 2
956 8 98
957 0 2 6 10 12 22 24 36 42 62 72 114 132 192 222 310 322 348 582 672 936 972
958 34 70
959
960 0 2 12 22 40 72 126 212 642 854
961 26 40
962 2 8 52
963 0 10 26 36 84 374
964
965 2
966 0 6 136 414
967 2 8 52 64 332 734 758
968
969 0 596
970 2 10 62
971 476
972 0 2 12
973 8
974 56
975 0 2 6 12 42
976 10
977 2
978 0 8 30
979 754
980 2
981 0 226 684
982 2 22
983 10
984 0 6 8 24 30 78 96 294 888
985 2 22
986
987 0 2 12
988 350
989 8 10 70 140 278 800 946
990 0 2 12 26 84 142 230 432 696 838
991 34
992 2 26 142
993 0 6 56 174 528
994 544
995 2 8 34 52 182 404
996 0 10 36
997 2 98 502
998
999 0
