0 1 4 11 25
1 10 23
2 0 3 6 15
3 1
4 1 5 13
5 0 3 4 11 18 39
6 34 71
7 1 4 5 11 13 25 53 109
8 0 1 3 9 10 23 36 49 75 153
9 100 203
10 128 259
11 0 1 3 6 9 15 24 33 51 78 105 159 321
12 1 4 5 11 25 46 53 95 193 389
13 230 463
14 0 3 4 10 11 18 23 36 39 75 88 179 270 543
15 1 5 76 155 313 629
16 1 178 359 721
17 0 3 134 271 408 819
18 460 923
19 1 4 11 25 34 71 145 256 515
20 0 1 3 5 6 9 13 15 21 29 33 45 61 69 93 125 141 189 285 381 573
21 4 10 11 23 46 88 95 179 634
22 698
23 0 1 3 5 9 13 21 29 45 61 93 125 189 253 381 509 765
24 1 416 835
25 908
26 0 3 4 11 18 39 44 91 138 279 326 655 984
27 1 10 23 38 49 79 161 530
28 1 4 5 11 25 38 53 79 161 284 325 571
29 0 3 6 15 134 271 408 819
30
31 1 5 350 703
32 0 1 3 9 248 499 750
33 4 11 226 455
34 10 23 128 259
35 0 1 3 4 9 11 18 25 39 40 81 83 126 169 255 298 513 599 900
36 1 5 13 236 475 953
37 40 44 83 91
38 0 3 6 15 24 51 76 155 234 471 708
39 1 5 13 278 559
40 1 4 10 11 23 25 49 88 166 179 335 361 673
41 0 3 826
42 4 11 370 743
43 1 34 71 145
44 0 1 3 5 9 21 236 475 714 953
45
46
47 0 1 3 4 5 6 9 10 11 15 18 21 23 25 33 36 39 49 53 60 69 75 81 88 101 114 123 153 165 179 231 249 270 309 361 465 501 543 725 816 933
48 1
49 4 11 506
50 0 3
51 1
52 1 5 13 29 248 499
53 0 3 10 23 36 75 104 211 318 639
54 4 11 616
55 1 5 13 29 278 559
56 0 1 3 4 6 9 11 15 18 25 33 34 39 60 71 81 108 123 145 219 249 256 330 441 515 663 774
57
58
59 0 1 3 9 860
60 1 5 10 23 49 100 101 203 409 821
61 4 11 46 95 110 223 788
62 0 3
63 1 4 5 11 25 53 208 419 841
64 1
65 0 3 6 15 24 51 230 463 696
66 10 23 496 995
67 1
68 0 1 3 4 5 9 11 13 18 21 25 38 39 45 53 79 81 109 120 161 165 243 284 325 333 489 571 653 858 981
69 38 79 170 343
70 4 11 46 95 146 295
71 0 1 3 5 9 13 21 45 310 623 936
72 1
73 10 23 44 91 166 335 608
74 0 3 6 15 904
75 1 4 11 25 596
76 1 5
77 0 3 4 11 18 39 418 839
78 40 83 208 419
79 1 5 10 23 49 101 176 355 713
80 0 1 3 9 34 40 71 83 108 126 145 169 219 255 441 513
81
82 4 11
83 0 1 3 6 9 15 33 568
84 1 4 5 11 13 25 29 44 53 61 91 109 185 221 326 373 445 655 749
85
86 0 3 10 23 36 75 280 563 846
87 1 5 13 29 61 350 703
88 1
89 0 3 4 11 18 39 560
90 104 110 211 223
91 1 4 11 25 880
92 0 1 3 5 6 9 10 15 21 23 24 33 36 49 51 69 75 78 101 105 114 153 159 213 231 240 309 321 348 465 483 645 699 933 969
93 34 71 346 695
94 76 155 164 331
95 0 1 3 5 9 21
96 1 4 11 25 980
97
98 0 3 4 11 18 39 680
99 1 10 23 49 560
100 1 5 13
101 0 3 6 15
102
103 1 4 5 11 13 25 53 109 280 563
104 0 1 3 9
105 4 10 11 23 88 178 179 359
106
107 0 1 3 9
108 1 5
109 38 79 430 863
110 0 3 4 6 11 15 18 38 39 46 60 79 95 120 123 144 243 284 291 366 438 571 735 858 879
111 1 5
112 1 4 10 11 23 25 49 88 100 179 203 361 409 718
113 0 3
114
115 1
116 0 1 3 5 9 13 21 29 45 93 416 835
117 4 11 34 71 76 155 256 515 550
118 10 23
119 0 1 3 4 5 6 9 11 13 15 18 21 24 25 29 33 39 45 46 51 53 60 69 81 93 95 105 109 123 141 144 165 186 193 213 221 249 285 291 333 375 389 429 438 501 585 669 753 781 861 879
120 1 44 91 185 226 455 913
121 40 83 506
122 0 3
123 1 40 83 169 260 523
124 1 4 5 11 25 53 818
125 0 3 10 23 36 75 596
126 4 11
127 1 5
128 0 1 3 6 9 15 33
129 146 164 295 331
130 34 71 680
131 0 1 3 4 9 10 11 18 23 25 36 39 44 49 75 81 88 91 138 153 179 185 270 279 326 361 543 561 608 655 984
132 1 5 13
133 4 11
134 0 3
135 1 5 13
136 1
137 0 3 6 15
138 4 10 11 23 88 179 310 623
139 1
140 0 1 3 4 5 9 11 18 21 25 39 53 81 165 346 695
141 128 224 259 451
142
143 0 1 3 5 9 21
144 1 10 23 49
145 4 11
146 0 3 6 15 24 51
147 1 4 11 25
148 1 5 13 29 61 125 253 509
149 0 3
150 38 79 818
151 1 5 10 13 23 29 38 49 61 79 101 125 161 205 325 413 530 653 829
152 0 1 3 4 9 11 18 25 39 81 820
153
154 4 11 34 71 134 256 271 515 956
155 0 1 3 6 9 15 33
156 1 5
157 10 23
158 0 3
159 1 4 5 11 25 46 53 95 190 193 383 389 769
160 1 104 176 211 355 425 713
161 0 3 4 11 18 39
162 170 224 343 451
163 1 100 190 203 383 409 769
164 0 1 3 5 6 9 10 13 15 21 23 33 36 40 45 49 69 75 83 101 114 126 141 153 169 205 231 255 309 341 384 465 513 556 621 685 771 933
165 128 259 308 619
166 4 11 40 83 134 271 298 599 956
167 0 1 3 5 9 13 21 34 44 45 71 91 108 138 145 185 219 279 293 373 441 561 589 749 885
168 1 4 11 25 46 95 193 428 859
169
170 0 3 10 23 36 75
171 1
172 1 5
173 0 3 4 6 11 15 18 24 39 51 60 76 78 123 155 159 186 234 375 471 550 564 708
174 110 223 398 799
175 1 4 5 11 25 53
176 0 1 3 9
177 10 23
178 44 91
179 0 1 3 9
180 1 4 5 11 13 25 29 53 109 221 430 863
181
182 0 3 4 6 11 15 18 39 60 123 784
183 1 5 10 13 23 29 49 101 205 238 413 479 961
184 1
185 0 3
186
187 1 4 11 25
188 0 1 3 5 9 21
189 4 11
190 10 23
191 0 1 3 5 6 9 15 21 33 34 38 69 71 79 108 120 145 161 219 243 293 325 330 366 441 489 663 735 885 981
192 1 38 79 161 670
193
194 0 3 4 11 18 39
195 1
196 1 4 5 10 11 13 23 25 49 53 76 88 101 109 155 179 205 313 361 550 629 725
197 0 3 104 178 211 318 359 540 639
198
199 1 5 13
200 0 1 3 6 9 15 24 33 51 105
201 4 11
202
203 0 1 3 4 9 10 11 18 23 25 36 39 49 75 81 88 110 153 179 223 270 336 361 449 543 675 788
204 1 5 34 71 145 293 418 839
205
206 0 3
207 1 5 40 83 169 341 370 743
208 1 4 11 25 46 95 193 658
209 0 3 6 10 15 23 36 40 75 83 114 126 166 231 255 335 384 504 556 771
210 4 11
211 1
212 0 1 3 5 9 13 21 29 45 61 93 189 698
213
214 44 91
215 0 1 3 4 5 9 11 13 18 21 25 29 39 45 53 61 81 93 100 109 165 189 203 221 306 333 409 445 615 669 718 821
216 1 10 23 49
217 4 11 46 95
218 0 3 6 15
219 1 146 238 295 479 593 961
220 1 5
221 0 3
222 4 10 11 23 88 179 808
223 1 5
224 0 1 3 4 9 11 18 25 39 81
225 44 91
226
227 0 1 3 6 9 15 24 33 51 105
228 1 5 13 34 71 145 260 293 523 589
229 4 10 11 23 88 179 860
230 0 3
231 1 4 5 11 13 25 53 109
232 1 38 79 161 980
233 0 3 38 79 120 243 658
234
235 1 10 23 49
236 0 1 3 4 5 6 9 11 15 18 21 25 33 39 53 60 69 81 123 165 249 328 501 659 990
237
238 4 11
239 0 1 3 5 9 21
240 1
241 34 71
242 0 3 10 23 36 75 166 170 335 343 504 516
243 1 4 11 25
244 1 5 13 29
245 0 3 4 6 11 15 18 39 60 123
246 230 386 463 775
247 1 5 13 29
248 0 1 3 9 10 23 36 49 75 153
249
250 4 11 40 83 298 308 599 619
251 0 1 3 9
252 1 4 5 11 25 40 53 76 83 155 169 298 313 341 550 599 629
253
254 0 3 6 15 24 51 78 159
255 1 5 10 23 49 101
256 1
257 0 3 4 11 18 39 46 95 144 291 670
258 176 355 554
259 1 4 11 25
260 0 1 3 5 9 13 21 45
261 10 23 44 91 164 331 608
262 226 446 455 895
263 0 1 3 5 6 9 13 15 21 33 45 69 141
264 1 4 11 25
265 34 71
266 0 3 4 11 18 39 46 95 100 144 203 291 306 340 615 683 718
267 1 104 211 425 496 995
268 1 5 10 23 49 101
269 0 3
270
271 1 4 5 11 25 53
272 0 1 3 6 9 15 33 44 91 128 138 185 259 279 390 420 521 561 783 843
273 4 11 38 79 284 386 571 775
274 10 23 38 79 208 419 530
275 0 1 3 9 76 155 234 236 313 471 475 714 945 953
276 1 5 13 29 61 125
277
278 0 3 4 11 18 34 39 71 108 146 219 256 295 444 515 774 891
279 1 5 13 29 61 125 253 908
280 1 4 11 25
281 0 3 6 10 15 23 24 36 51 75 114 231 334 348 671 699
282
283 1 236 248 475 499 953
284 0 1 3 5 9 21
285 4 11
286 178 359 674
287 0 1 3 4 5 9 10 11 18 21 23 25 36 39 49 53 75 81 88 101 110 153 165 179 223 270 309 336 361 449 543 675 725 788 901
288 1
289 208 419 590
290 0 3 6 15
291 1 134 271 460 545 923
292 1 4 5 11 13 25 53 109
293 0 3 40 83 126 255 994
294 4 10 11 23 88 179
295 1 5 13 40 83 169 341 376 685 755
296 0 1 3 9 128 164 259 331 390 498 521 665 783 999
297
298 230 463 568
299 0 1 3 4 6 9 11 15 18 25 33 39 60 81 123 249
300 1 5 10 23 49 101
301 4 11
302 0 3 34 71 108 219
303 1 5 134 248 271 499 545
304 1 104 211 425 644
305 0 3
306 4 11 46 95 340 406 683 815
307 1 10 23 49
308 0 1 3 4 5 6 9 11 13 15 18 21 24 25 29 33 39 44 45 51 53 60 69 81 91 93 105 109 123 138 141 165 185 186 213 221 249 279 285 326 333 373 375 420 429 501 561 655 669 749 753 843 861 984
309
310
311 0 1 3 5 9 13 21 29 45 93
312 1
313 4 10 11 23 88 179
314 0 3 38 79 120 243
315 1 4 11 25 34 38 46 71 79 95 145 161 193 256 284 515 571
316 1 5 110 223 328 449 659 901
317 0 3 6 15
318 100 203
319 1 5 44 91 185 373 808
320 0 1 3 4 9 10 11 18 23 25 36 39 49 75 81 88 153 179 270 278 361 543 559 840
321
322 4 11
323 0 1 3 9
324 1 5 13
325
326 0 3 6 10 15 23 36 75 114 231
327 1 4 5 11 13 25 53 109
328 1
329 0 3 4 11 18 39
330
331 1 76 155 313
332 0 1 3 5 9 21
333 10 23
334 4 11
335 0 1 3 5 6 9 15 21 24 33 51 69 78 105 159 170 213 240 321 343 483 516 645 689 969
336 1 4 11 25 40 83 169 278 298 559 599
337 376 446 755 895
338 0 3 40 83 126 255
339 1 10 23 34 49 71 145 176 355 478 713 959
340 1 5 13 29 61
341 0 3 4 11 18 39
342
343 1 4 5 11 13 25 29 53 61 109 221 445 784
344 0 1 3 6 9 15 33
345
346 10 23
347 0 1 3 9
348 1 4 5 11 25 53
349 226 455 794
350 0 3 4 11 18 39
351 1 5
352 1 10 23 34 49 71 145 190 383 478 769 959
353 0 3 6 15
354 76 155
355 1 4 11 25 38 44 46 79 91 95 161 185 193 284 326 571 655
356 0 1 3 5 9 13 21 38 45 79 120 161 190 243 325 383 489 576 653 769 981
357 4 11
358
359 0 1 3 5 9 10 13 21 23 36 45 49 75 101 153 205 309 616 621
360 1
361 398 484 799 971
362 0 3 4 6 11 15 18 24 39 51 60 123 186 375
363 1
364 1 4 5 11 25 46 53 95 193 389
365 0 3 10 23 36 75
366 44 91
367 1 5
368 0 1 3 9 146 224 295 444 451 593 678 891 905
369 4 11 100 203 280 563 718
370
371 0 1 3 4 6 9 11 15 18 25 33 39 60 81 123 249
372 1 5 10 13 23 29 49 101 205 413 994
373
374 0 3 104 211 318 639 650
375 1 5 13 29
376 1 4 11 25 34 71 145 256 406 515 815
377 0 3
378 4 10 11 23 88 166 178 179 335 359
379 1 40 83 169
380 0 1 3 5 6 9 15 21 33 69
381 40 83
382
383 0 1 3 4 5 9 11 18 21 25 39 53 81 165
384 1 310 350 623 703
385 4 10 11 23 88 179
386 0 3 260 280 523 563 786 846
387 1
388 1 5 13
389 0 3 6 15 24 34 51 71 108 219 224 330 451 663 678 996
390 4 11
391 1 5 10 13 23 49 101 205
392 0 1 3 4 9 11 18 25 39 81
393
394
395 0 1 3 9
396 1 5 38 79 161 325
397 4 11 38 79 284 571 820
398 0 3 6 10 15 23 36 75 114 231
399 1 4 5 11 25 53
400 1 110 223 449
401 0 3
402 44 91
403 1 128 259 521 926
404 0 1 3 4 5 9 10 11 13 18 21 23 25 29 36 39 45 46 49 53 61 75 81 88 93 95 101 109 125 144 153 165 179 189 193 205 221 253 270 291 309 333 361 381 389 413 445 543 585 621 634 669 725 765 781 829 893
405
406 4 11
407 0 1 3 5 6 9 13 15 21 29 33 45 61 69 93 125 141 189 285 381 428 573 859
408 1
409
410 0 3 76 155 234 471
411 1 4 10 11 23 25 49 88 104 166 179 211 335 361 425 673 746
412 1 5
413 0 3 4 11 18 34 39 44 46 71 91 95 108 138 144 219 256 279 291 326 515 655 774 984
414
415 1 5 170 343 370 689 743
416 0 1 3 6 9 15 24 33 51 78 105 159 321
417 10 23
418 4 11
419 0 1 3 9
420 1 4 5 11 13 25 53 109
421 100 203
422 0 3 40 83 126 255
423 1 5 13
424 1 10 23 40 49 83 169 238 479 556 961
425 0 3 4 6 11 15 18 39 60 123
426 34 71
427 1 4 11 25 128 146 259 295 521 593 914
428 0 1 3 5 9 21 134 164 271 331 408 498 545 665 819 999
429 110 223
430 10 23
431 0 1 3 5 9 21
432 1 4 11 25
433 76 155
434 0 3 4 6 11 15 18 39 60 123
435 1
436 1 5 13 29
437 0 3 10 23 36 38 75 79 120 176 243 355 530 534
438 38 79
439 1 4 5 11 13 25 29 53 109 221
440 0 1 3 9 134 271 350 408 545 703 819
441 4 11
442 346 695 836
443 0 1 3 6 9 10 15 23 24 33 36 49 51 75 105 114 153 231 348 416 465 699 835
444 1 5
445
446 0 3 4 11 18 39
447 1 5
448 1 4 11 25
449 0 3 44 91 138 279
450 10 23 34 71 478 628 959
451 1 310 484 623 971
452 0 1 3 5 6 9 13 15 21 33 45 69 141
453 4 11 46 95
454
455 0 1 3 4 5 9 11 13 18 21 25 39 45 53 81 109 165 333
456 1 10 23 49
457
458 0 3
459 1
460 1 4 5 11 25 44 53 91 185 238 326 373 479 655 961
461 0 3 6 15
462 4 11 46 95
463 1 5 10 23 34 49 71 101 145 164 293 331 478 665 959
464 0 1 3 9
465 40 83
466
467 0 1 3 4 9 11 18 25 39 40 81 83 126 169 178 255 298 359 513 540 599 721 900
468 1 5 13 29 61
469 4 10 11 23 88 179
470 0 3 6 15 24 51
471 1 5 13 29 61
472 1 100 203 409
473 0 3
474 4 11
475 1
476 0 1 3 4 5 9 10 11 18 21 23 25 36 39 49 53 75 81 88 101 153 165 179 270 308 309 361 543 619 725 930
477
478 38 79
479 0 1 3 5 6 9 15 21 33 38 69 79 120 161 230 243 325 366 463 489 696 735 929 981
480 1
481 4 11 104 211 460 746 923
482 0 3 10 23 36 75
483 1 4 11 25
484 1 5 13
485 0 3 208 419 554 630
486
487 1 5 13 34 71 145 293 589
488 0 1 3 4 6 9 11 15 18 25 33 39 60 81 123 249
489 10 23 76 155 346 695
490 4 11
491 0 1 3 9 226 260 455 523 684 786 913
492 1 5
493
494 0 3
495 1 4 5 10 11 23 25 49 53 88 101 179 361 725
496 1 44 91 185
497 0 3 4 6 11 15 18 24 39 51 60 78 123 159 186 375 564 650
498 418 839 880
499 1
500 0 1 3 5 9 13 21 29 34 45 71 93 108 145 208 219 293 419 441 589 630 841 885
501
502 4 10 11 23 46 88 95 179 590 634
503 0 1 3 5 9 13 21 29 45 93
504 1 4 11 25
505
506 0 3 6 15
507 1 44 91 185
508 1 5 10 23 40 49 83 101 169 170 341 343 556 689
509 0 3 4 11 18 39
510 40 83
511 1 4 5 11 25 46 53 95 193 389
512 0 1 3 9 76 155 234 313 471 826 945
513 110 223
514 236 475
515 0 1 3 6 9 10 15 23 33 36 49 75 114 153 231 465
516 1 4 5 11 13 25 53 109
517 146 295
518 0 3 4 11 18 39 104 176 211 318 355 534 639 746
519 1 5 13 38 79 161 325 653
520 1 38 79 161
521 0 3 10 23 36 75
522 236 475
523 1 4 11 25
524 0 1 3 5 6 9 15 21 24 33 34 51 69 71 100 105 108 145 203 213 219 293 306 330 409 441 615 663 821 885 924 996
525 4 11
526
527 0 1 3 5 9 21
528 1 10 23 49
529
530 0 3 4 11 18 39
531 1 230 463 904 929
532 1 4 5 11 13 25 29 53 61 109 125 221 445 893 944
533 0 3 6 15
534 10 23 128 248 259 499
535 1 5 13 29 61 125 253 416 509 835
536 0 1 3 9
537 4 11 34 71 256 515
538
539 0 1 3 4 9 11 18 25 39 81
540 1 5
541 10 23
542 0 3 6 15 110 223 336 430 675 863
543 1 5 44 91 185 373
544 1 4 11 25
545 0 3 190 383 576 766
546 4 11
547 1 10 23 49 166 335 673
548 0 1 3 5 9 13 21 45
549 190 383
550
551 0 1 3 4 5 6 9 11 13 15 18 21 24 25 33 39 40 45 46 51 53 60 69 81 83 95 105 109 123 126 141 144 165 169 186 193 213 249 255 291 298 333 341 375 384 389 429 438 501 513 585 599 685 753 771 781 879 900
552 1
553 4 11 40 83 298 599
554 0 3 10 23 36 44 75 91 138 248 279 499 608 750
555 1
556 1 5
557 0 3
558 4 11 128 259 506 914
559 1 5 178 359 644 721
560 0 1 3 4 6 9 10 11 15 18 23 25 33 36 38 39 46 49 60 75 79 81 88 95 114 120 123 144 153 161 179 193 231 243 249 270 284 291 361 366 438 465 489 530 543 571 585 634 735 816 858 879
561 34 38 71 79 308 619
562
563 0 1 3 9
564 1 5 13 29
565 4 11 134 271 496 956 995
566 0 3
567 1 4 5 10 11 13 23 25 29 49 53 88 101 109 179 205 221 328 361 413 659 725
568 1 76 155 313
569 0 3 6 15
570
571 1
572 0 1 3 4 5 9 11 18 21 25 39 53 81 165
573 10 23
574 4 11 34 71 256 515
575 0 1 3 5 9 21 100 203 306 398 409 615 799 821
576 1 146 295 593
577 134 271
578 0 3 6 15 24 51 78 159 226 240 455 483 684 726
579 1 4 11 25
580 1 5 10 13 23 49 101 166 205 335 370 673 743
581 0 3 4 11 18 39
582
583 1 5 13
584 0 1 3 9
585
586 4 10 11 23 88 179
587 0 1 3 6 9 15 33
588 1 4 5 11 25 53 104 170 211 343 425 689 746 853
589
590 0 3 44 91 138 279
591 1 5 76 155 313 629
592 1
593 0 3 4 10 11 18 23 36 39 75 88 179 270 543
594 40 83
595 1 4 11 25 164 224 331 451 665 905
596 0 1 3 5 6 9 13 15 21 29 33 40 45 61 69 83 93 126 141 169 189 255 285 341 384 513 573 685 771
597
598 34 71
599 0 1 3 5 9 10 13 21 23 29 36 45 49 61 75 93 101 153 189 205 309 413 428 621 829 859
600 1 4 11 25 46 95 193
601 38 44 79 91 278 559
602 0 3 4 11 18 38 39 79 120 243 284 571 628 858
603 1
604 1 5
605 0 3 6 15 24 51
606 10 23
607 1 4 5 11 25 53
608 0 1 3 9
609 4 11 46 95 340 683
610
611 0 1 3 9 34 71 108 145 219 441
612 1 5 10 13 23 49 101 205
613 430 863
614 0 3 4 6 11 15 18 39 60 123
615 1 5 13
616 1 4 11 25 176 224 355 451 713 905
617 0 3 278 559 674 840
618 334 671
619 1 10 23 49
620 0 1 3 5 9 21
621 4 11
622
623 0 1 3 4 5 6 9 11 15 18 21 25 33 39 53 60 69 81 123 165 249 501
624 1
625 10 23 104 211 418 839
626 0 3 110 223 336 675
627 1 100 203 409
628 1 4 5 11 13 25 29 53 109 221
629 0 3
630 4 11 164 331 506
631 1 5 13 29
632 0 1 3 6 9 10 15 23 24 33 36 49 51 75 105 114 153 231 348 465 699 850
633
634
635 0 1 3 4 9 11 18 25 34 39 71 81 108 145 219 256 386 441 515 774 775
636 1 5
637 4 11 40 44 83 91 298 326 599 655
638 0 3 10 23 36 75
639 1 5 40 83 169 341
640 1
641 0 3 6 15
642 4 11 38 79 284 571
643 1 38 79 161
644 0 1 3 4 5 9 11 13 18 21 25 39 45 53 81 109 165 333
645 10 23
646
647 0 1 3 5 9 13 21 45 76 155 234 313 328 471 629 659 945 990
648 1 34 44 71 91 145 178 185 359 721
649 4 11 46 95 260 340 523 683
650 0 3 6 15
651 1 4 10 11 23 25 49 88 179 361
652 1 5 280 560 563
653 0 3
654 568
655 1 5 110 223 449 901
656 0 1 3 4 9 11 18 25 39 81
657
658 4 10 11 23 46 88 95 179 634
659 0 1 3 6 9 15 24 33 51 78 105 159 321
660 1 5 13 29 61 125 253 509
661
662 0 3 386 560 775
663 1 4 5 11 13 25 29 53 61 109 125 221 445 893
664 1 10 23 49
665 0 3 4 11 18 39 128 238 259 390 479 720 783 914
666 146 295
667 1
668 0 1 3 5 6 9 15 21 33 69
669 280 563
670 4 11 76 155 550
671 0 1 3 5 9 10 21 23 36 49 75 101 153 309
672 1 4 11 25 34 71 145 256 515
673 616
674 0 3 376 596 755
675 1
676 1 5 13
677 0 3 4 6 10 11 15 18 23 36 39 60 75 88 114 123 179 231 270 543 816 836
678 100 203
679 1 4 5 11 13 25 53 109
680 0 1 3 9 40 83 126 169 255 513
681 170 343
682 40 83
683 0 1 3 9 38 79 120 161 243 489
684 1 4 5 10 11 23 25 38 44 49 53 79 88 91 101 161 179 185 284 325 326 361 373 530 571 608 655 725
685 34 71
686 0 3 4 6 11 15 18 24 39 51 60 123 186 375
687 1 5
688 1
689 0 3 128 259 390 783
690 10 23
691 1 4 11 25
692 0 1 3 5 9 13 21 29 45 93
693 4 11
694
695 0 1 3 5 6 9 13 15 21 29 33 44 45 69 91 93 104 138 141 185 211 279 285 318 373 420 425 561 639 749 843 853 960
696 1 208 419 841
697 10 23 176 310 355 623
698 0 3 4 11 18 39 46 95 144 291
699 1
700 1 4 5 11 25 53
701 0 3 238 479 720
702 134 271
703 1 5 10 23 49 101
704 0 1 3 6 9 15 33
705 4 11
706
707 0 1 3 4 9 11 18 25 39 46 81 95 144 193 291 585
708 1 5 13
709 34 71
710 0 3 10 23 36 75
711 1 5 13 208 419 446 841 895
712 1 4 11 25 230 463 929
713 0 3 6 15 24 51
714 4 11 134 271 794 956
715 1 406 815 934
716 0 1 3 5 9 10 21 23 36 49 75 101 153 166 309 335 376 504 673 755
717
718
719 0 1 3 4 5 9 11 18 21 25 39 53 81 165
720 1 226 455 913
721 4 11
722 0 3 6 15 34 71 108 219 330 663
723 1 10 23 40 49 83 169 556 698
724 1 5 13 29 38 61 79 161 325 596 653
725 0 3 38 40 79 83 120 126 146 243 255 295 444 891
726 4 11 76 155 550
727 1 5 13 29 61
728 0 1 3 4 9 11 18 25 39 81
729 10 23
730 100 203
731 0 1 3 6 9 15 33 44 91 138 185 279 420 561 843 944
732 1 5 104 211 425 853
733 4 11
734 0 3
735 1 4 5 11 25 53
736 1 10 23 49
737 0 3 350 703 766
738 190 383
739 1 110 223 449
740 0 1 3 4 5 6 9 11 13 15 18 21 24 25 33 39 45 51 53 60 69 78 81 105 109 123 141 159 165 178 186 213 249 321 333 359 375 429 501 540 564 645 721 753
741
742 4 10 11 23 44 88 91 179 190 326 383 608 655
743 0 1 3 5 9 13 21 45
744 1
745
746 0 3 34 71 108 219
747 1 4 11 25 46 95 193
748 1 5
749 0 3 4 6 10 11 15 18 23 36 39 60 75 76 88 114 123 155 166 179 231 234 270 335 471 504 543 550 708 816
750
751 1 5
752 0 1 3 9
753 236 475
754 4 11 260 460 523 923
755 0 1 3 9 10 23 36 49 75 153
756 1 4 5 11 13 25 29 46 53 95 109 193 221 389 781
757
758 0 3 6 15
759 1 5 13 29 34 71 145 293 589
760 1
761 0 3 4 11 18 39 170 236 343 475 516 714
762 10 23 164 331 398 799
763 1 4 11 25
764 0 1 3 5 9 21 230 310 463 623 696 929 936
765 38 79
766 38 40 79 83 496 995
767 0 1 3 5 6 9 15 21 24 33 51 69 105 213
768 1 4 10 11 23 25 40 49 83 88 110 169 179 223 298 361 449 556 599 788
769
770 0 3 4 11 18 39
771 1
772 1 5 13
773 0 3
774
775 1 4 5 10 11 13 23 25 49 53 88 101 109 179 205 361 725
776 0 1 3 6 9 15 33
777 4 11
778 44 91
779 0 1 3 9
780 1 5
781 10 23 100 203 680
782 0 3 4 11 18 39
783 1 5 34 71 145 293
784 1 4 11 25
785 0 3 6 15 248 406 499 750 815
786 446 895
787 1 308 619
788 0 1 3 5 9 10 13 21 23 29 36 45 49 61 75 93 101 125 153 189 205 309 370 381 413 621 743 829
789 4 11 44 91 326 655
790 850
791 0 1 3 4 5 9 11 13 18 21 25 29 39 45 53 61 81 93 109 125 165 189 221 253 333 346 381 445 669 695 765 893
792 1
793 350 703
794 0 3 6 10 15 23 24 36 51 75 114 231 348 699
795 1 176 355 713
796 1 4 5 11 25 34 46 53 71 95 128 145 193 256 259 293 389 515 521 914
797 0 3 164 331 498 999
798 4 11
799 1 5
800 0 1 3 9
801 10 23
802 104 211
803 0 1 3 4 6 9 11 15 18 25 33 39 60 81 123 249
804 1 5 13
805 4 11 46 76 95 155 248 499 550
806 0 3 38 79 120 243
807 1 5 10 13 23 38 49 79 101 161 205 226 325 455 530 653 913
808 1
809 0 3 40 83 126 255
810 4 11
811 1 40 83 169
812 0 1 3 4 5 6 9 11 15 18 21 25 33 39 53 60 69 81 123 165 249 501
813 680
814 10 23
815 0 1 3 5 9 21 146 295 444 554 593 891
816 1
817 4 11
818 0 3
819 1 4 11 25
820 1 5 10 13 23 29 34 49 71 101 128 145 205 259 293 413 478 521 589 959
821 0 3 6 15 24 51 78 159 240 483
822 224 451
823 1 5 13 29
824 0 1 3 4 9 11 18 25 39 81
825 44 91
826 4 11
827 0 1 3 9 10 23 36 49 75 153
828 1 5 76 155 313 629
829 178 359
830 0 3 6 15
831 1 4 5 11 25 53
832 1
833 0 3 4 10 11 18 23 34 36 39 71 75 88 100 108 179 203 219 256 270 306 478 515 543 615 718 774 959
834
835 1
836 0 1 3 5 9 13 21 44 45 91 138 185 279 373 561 749 926
837
838 4 11 346 428 695 859
839 0 1 3 5 6 9 13 15 21 33 45 69 104 134 141 211 271 318 408 425 545 639 819 853 960
840 1 4 10 11 23 25 49 88 179 361
841
842 0 3
843 1 224 451 905
844 1 5
845 0 3 4 11 18 39 46 95 144 291
846 10 23
847 1 4 5 11 25 38 53 79 161 284 325 571 934
848 0 1 3 6 9 15 24 33 38 51 79 105 120 161 243 366 484 489 735 971
849
850
851 0 1 3 9 134 271 408 545 819
852 1 4 5 11 13 25 29 40 53 61 83 109 110 169 221 223 298 341 445 449 599 685 788 901
853 10 23
854 0 3 4 11 18 39 40 46 83 95 126 144 170 255 291 298 343 516 599 900
855 1 5 13 29 61
856 1
857 0 3 6 15 34 71 108 219 330 663
858
859 1 4 10 11 23 25 49 88 179 361
860 0 1 3 5 9 21
861 4 11
862 416 835
863 0 1 3 5 9 21
864 1
865 670
866 0 3 4 6 10 11 15 18 23 36 39 60 75 88 114 123 179 231 270 543 816
867 1
868 1 4 5 11 13 25 53 109
869 0 3 568 658
870 34 71 826
871 1 5 13
872 0 1 3 9 10 23 36 44 49 75 91 138 153 185 279 308 561 608 619 930
873 4 11
874 146 295
875 0 1 3 4 6 9 11 15 18 24 25 33 39 51 60 81 105 123 186 249 375 753
876 1 5 176 355 713
877
878 0 3
879 1 5 10 23 49 101
880 1 4 11 25
881 0 3 110 223 336 675
882 4 11 278 559 590
883 1 44 91 185
884 0 1 3 5 6 9 13 15 21 29 33 45 69 76 93 100 141 155 203 234 285 306 313 409 471 615 629 708 821 924 945
885 10 23 166 335
886
887 0 1 3 4 5 9 11 13 18 21 25 29 39 45 53 81 93 109 165 221 333 669
888 1 38 79 161
889 4 11 38 79 284 571
890 0 3
891 1
892 1 5 10 23 49 101
893 0 3 6 15
894 4 11 34 46 71 95 256 515 658
895 1 5 40 83 169 341
896 0 1 3 4 9 11 18 25 39 81
897 40 83
898 10 23 278 328 559 659
899 0 1 3 9
900 1 5 13
901 4 11
902 0 3 6 15 24 51 78 159
903 1 4 5 11 13 25 46 53 95 109 193 389 781
904 1
905 0 3 10 23 36 75
906 238 479
907 1 34 71 76 145 155 208 313 419 841
908 0 1 3 4 5 9 11 18 21 25 39 53 81 165
909 104 211
910 4 11
911 0 1 3 5 6 9 10 15 21 23 33 36 49 69 75 101 114 153 231 309 465 933
912 1 260 523
913 698
914 0 3
915 1 4 11 25
916 1 5 13 29 61 125 253
917 0 3 4 11 18 39
918 10 23 166 335
919 1 5 13 29 44 61 91 125 185 373 418 749 839
920 0 1 3 6 9 15 33
921 178 359
922 4 11 208 419 860
923 0 1 3 9
924 1 4 5 10 11 23 25 49 53 88 101 179 361 725
925
926 0 3
927 1 5 128 259 521
928 1
929 0 3 4 6 11 15 18 24 38 39 51 60 79 120 123 164 186 243 284 331 366 375 498 571 735 858 999
930 38 44 79 91 670
931 1 4 10 11 23 25 34 49 71 88 145 179 190 256 361 383 478 515 769 959
932 0 1 3 5 9 13 21 45
933
934 170 343
935 0 1 3 5 9 13 21 45 190 280 383 563 576 769 846
936 1 4 11 25 100 203 409 718 908
937 10 23
938 0 3 4 6 11 15 18 39 40 60 83 123 126 255 298 384 484 599 771 900 971
939 1
940 1 5 40 83 169 341
941 0 3
942 238 479
943 1 4 5 11 25 46 53 95 193 389
944 0 1 3 9 10 23 34 36 49 71 75 108 145 153 219 441 460 478 923 959
945 4 11 230 463 818
946 104 211
947 0 1 3 6 9 15 33
948 1 5 13 29
949 226 455
950 0 3 4 10 11 18 23 36 39 75 88 179 270 543
951 1 5 13 29 128 259 521 644
952 1 4 11 25 46 95 193 280 340 563 683
953 0 3 370 743
954 416 835
955 1 334 671
956 0 1 3 5 6 9 15 21 24 33 51 69 105 213
957 4 10 11 23 88 179
958
959 0 1 3 4 5 9 11 18 21 25 39 53 81 165
960 1
961
962 0 3
963 1 10 23 49 76 155 313 674
964 1 4 5 11 13 25 53 109 146 164 295 331 593 665
965 0 3 6 15 110 223 336 675
966 4 11 44 91 326 655
967 1 5 13
968 0 1 3 9 34 71 108 145 219 441
969 784
970 10 23 38 79 530
971 0 1 3 4 9 11 18 25 38 39 79 81 120 161 243 284 489 571 818 858
972 1 5
973 4 11
974 0 3 6 15 176 355 534 880
975 1 5 430 820 863
976 1 10 23 49 134 271 398 545 799
977 0 3 44 91 138 279
978 4 11 328 616 659
979 1
980 0 1 3 4 5 9 11 13 18 21 25 29 39 45 53 61 81 93 109 165 189 221 333 445 669
981 34 40 71 83 904
982
983 0 1 3 5 6 9 10 13 15 21 23 24 29 33 36 40 45 49 51 61 69 75 78 83 93 101 105 114 126 141 153 159 169 189 205 213 231 255 285 309 321 341 348 384 413 429 465 513 556 573 621 645 685 699 771 829 861 933
984 1
985 4 11
986 0 3 76 155 234 471
987 1 4 11 25 100 203 409 718
988 1 5 134 271 545
989 0 3 10 23 36 75
990
991 1 5
992 0 1 3 4 6 9 11 15 18 25 33 39 46 60 81 95 123 144 193 236 249 291 340 438 475 585 683 714 879 953
993
994 4 11 110 223 788
995 0 1 3 9
996 1 5 10 13 23 49 101 205
997 230 463
998 0 3
999 1 4 5 11 13 25 53 109
