0 2
1 0
2 2
3 16
4 0 10 36
5 2 10 62
6 94
7 0 2 6 12 24 42 132
8 176
9 226
10 0 2 12 16 54 92 282
11 344
12 2 80 412
13 0 160 486
14 566
15 2 128 652
16 0 6 80 246 744
17 2 10 62 166 842
18 10 70 946
19 0 350
20 2 22 44 232
21
22 0 2 12 16 22 54 72 92 282 472
23
24
25 0 2 6 12 38 42 120 202 366 612
26
27 2 428
28 0 770
29 16 128
30 2 10 38 62 202 530
31 0 10 36 70 216 946
32 2 604
33
34 0 6 24 124 378
35 2 724
36
37 0 2 12 268 810
38
39
40 0 2 12 314 948
41 16 260
42 2
43 0 6 10 36 44 114 138 420 608
44 10 440
45 2 22 238
46 0
47 2 22 260
48 16 358
49 0
50 2
51 58 124
52 0 2 6 12 42 176 534 892
53
54
55 0 2 12 598
56 10 716
57 2 10 62 146 742
58 0
59 94 104
60 2 16 92 110 562
61 0 6 24 78 134 408
62 2
63
64 0
65 2
66 38 314
67 0 2 12 16 44 54 92 138 232 282 702 890
68
69 10
70 0 2 6 10 12 22 36 42 62 72 114 122 192 222 322 372 582 972
71 38 364
72 2 22 616
73 0
74
75 2
76 0
77 2
78
79 0 6 16 54 106 168 324 978
80 2
81
82 0 2 10 12 36 62 100 192 306 512
83 10
84 104 194
85 0 2 12
86 16
87 2
88 0 6 24 854
89
90 2 44 100 232 512
91 0 70 110 216 336
92 2
93
94 0
95 2 10 22 62 80 322 412
96 10 160 166
97 0 2 6 12 22 42 72 122 222 372 622
98 16
99 80 350
100 0 2 12
101
102 2
103 0 94 106 288 324
104 70 440
105 2 16 92 344
106 0 6
107 2 38 164 202 832
108 10
109 0 10 36 908
110 2
111
112 0 2 12 38 58 120 180 202 302 612 912
113
114 44 824
115 0 2 6 12 24 42 132 290 876
116 164 238
117 2 16 92 428
118 0
119
120 2 22
121 0 10 36
122 2 10 22 62 134 322 682
123
124 0 6 16 54 168 266 804
125 2
126
127 0 2 12
128
129
130 0 2 12
131
132 2
133 0 6
134 10
135 2 10 62 836
136 0 16 54 968
137 2 44 232 236
138
139 0
140 2
141
142 0 2 6 12 24 42 78 132 146 402 444 742
143 16
144 226 268
145 0 2 12 22 72 836
146 128 484
147 2 10 22 62 196 322 992
148 0 10 36 38 120 530
149
150 2
151 0 6
152 2
153 38
154 0
155 2 16 92 754
156 94 748
157 0 2 12
158
159
160 0 2 6 10 12 36 42 62 114 128 192 390 582 652
161 10 44 124 608
162 2 16 92 824
163 0
164 70
165 2
166 0 104 254 318 768
167 2
168
169 0 6 24
170 2 22
171
172 0 2 12 22 72
173 10 58 110 790
174 10 16 244 364
175 0 2 12
176 160 566
177 2 70 254 362
178 0 6 80 124 246 378 744
179 194 484
180 2
181 0 16 54
182 2 80 236 412
183
184 0 44 138 716
185 2 100 196 512 992
186 10 166 610
187 0 2 6 10 12 36 42 62 114 176 192 534 582 892
188 106 968
189 38
190 0 2 12
191 104
192 2
193 0 16 54 100 306 358
194 38
195 2 22 122 908
196 0 6 24
197 2 22
198 134 854
199 0 10 36
200 2 10 16 62 92 94 244 482
201
202 0 2 12
203
204 110
205 0 2 6 12 42
206 146 850
207 2
208 0 44 138 916
209
210 2
211 0
212 2 10 16 62 92 106 244 542
213 10
214 0 6
215 2
216
217 0 2 12
218 280 500
219 16
220 0 2 12 22 72
221
222 2 22 122
223 0 6 24 78 240 610
224
225 2 10 62
226 0 10 36
227 2
228
229 0
230 2 38 202 770
231 16 44 176 890
232 0 2 6 12 42
233
234 58
235 0 2 12 38 120 202 266 612 804
236
237 2 70 362 458
238 0 10 16 36 54 226 244 684 738
239 10
240 2
241 0 6
242 2
243
244 0
245 2 22
246
247 0 2 12 22 72
248
249
250 0 2 6 12 16 24 42 54 70 92 132 168 216 282 362 510 654 852
251 10
252 2 10 62
253 0 94 288 656
254 280 680
255 2 44 232 826
256 0
257 2 16 92
258
259 0 6 134 160 408 486
260 2
261 80
262 0 2 12
263
264 10
265 0 2 10 12 36 62 80 166 192 246 412 504 842
266
267 2
268 0 6
269 16
270 2 22
271 0 38 120
272 2 22
273 104
274 0 164 446 498
275 2
276 16 38 290 776
277 0 2 6 10 12 24 36 42 62 114 128 132 192 348 390 582 652
278 10 44 376 608
279
280 0 2 12
281 194
282 2
283 0 164 476 498
284
285 2
286 0 6 110 238 336 720
287 2
288 16 100 124
289 0
290 2 10 62
291 10 128 146
292 0 2 12
293
294
295 0 2 6 12 16 22 42 54 58 72 92 168 180 222 282 302 472 546 852 912
296 100
297 2 22 94 106 482 542
298 0 104 318 826
299
300 2
301 0
302 2 44 232
303 10
304 0 6 10 24 36 78 114 260 348 786
305 2 124 436 632
306
307 0 2 12 16 54 92 282 988
308 268
309
310 0 2 12 70 216 260 362 786
311
312 2 38 202
313 0 6
314 16
315 2
316 0 10 36
317 2 10 38 62 110 202 530 562
318
319 0
320 2 22 122 488 622
321 106
322 0 2 6 12 22 42 72 222
323 70
324
325 0 2 12 44 138 232 446 702
326 16
327 2
328 0
329 10
330 2 10 62
331 0 6 24
332 2
333 16
334 0
335 2 134 488 682
336
337 0 2 12
338
339 160
340 0 2 6 12 42
341 560 616
342 2 10 62
343 0 10 36
344 80
345 2 16 22 92 472 748
346 0 196 594 598
347 2 22 122
348 80
349 0 6 44 138 420 860
350 2 94 482 754
351
352 0 2 12 16 54 92 282
353 38
354 376 988
355 0 2 10 12 36 62 146 166 192 444 504 742 842
356 10 58 476 790
357 2 238 314
358 0 6 24 38 120 344 366
359
360 2
361 0
362 2
363 460 850
364 0 16 54
365 2
366 176
367 0 2 6 12 42
368 10
369 10
370 0 2 12 22 72
371 16
372 2 22 44 232 350
373 0 226 604 684
374
375 2
376 0 6 194 236 588 714
377 2
378 458 926
379 0
380 2 104 532 806
381 10
382 0 2 10 12 36 62 192
383 16 70 314
384 196
385 0 2 6 12 24 42 78 132 402
386
387 2
388 0
389
390 2 16 92
391 0 100 306
392 2
393 266
394 0 6 10 36 38 94 114 120 288 366 530 870
395 2 10 22 62 322
396 44 70 134
397 0 2 12 22 72
398
399 38 100 110
400 0 2 12
401
402 2 16 92
403 0 6
404
405 2 104 532 916
406 0 106 324
407 2 10 62
408 10 128 290
409 0 16 54 358 460
410 2 176 560 892
411
412 0 2 6 12 24 42 132
413
414
415 0 2 12 124 268 378 632 810
416
417 2 58 302
418 0
419 44
420 2 10 22 62 322
421 0 6 10 16 36 54 114 168 236 244 714 738
422 2 22 128 160 652 812
423 254
424 0
425 2
426
427 0 2 12 80 246 412 436
428 16
429
430 0 2 6 12 42 106 110 324 336 542 562 978
431 80
432 2 124 632 878
433 0 10 36
434 10 166 254
435 2 38 202
436 0
437 2
438 364
439 0 6 24
440 2 16 38 92 146 202 742 776
441 164
442 0 2 12
443 44
444
445 0 2 12 22 72 122 372
446 10
447 2 10 16 22 62 92 94 244 322 472 482
448 0 6
449
450 2 164 724 832
451 0
452 2 344 350
453 500
454 0
455 2
456 70
457 0 2 6 12 42
458 428
459 10 16 244
460 0 2 10 12 36 62 192
461
462 2
463 0
464
465 2
466 0 6 16 24 44 54 78 138 168 240 420 510 726 890
467 2 226 568
468
469 0 70 216
470 2 22
471
472 0 2 10 12 22 36 62 72 122 134 192 322 372 408 682 972
473 10
474
475 0 2 6 12 42
476 38
477 2
478 0 16 54 58 180 194 588
479
480 2
481 0 38 120
482 2
483
484 0 6
485 2 10 16 62 92 244 568
486 10
487 0 2 12 104 318 440 532
488
489
490 0 2 12 44 138 232 702
491 94
492 2
493 0 6 24
494 100
495 2 22
496 0
497 2 16 22 92 472
498 10
499 0 10 36
500 2
501 280
502 0 2 6 12 42 100 160 306 486 512 812 924
503
504 16 146 266
505 0 2 12
506
507 2
508 0
509
510 2 80 412
511 0 6 10 36 114
512 2 10 62 104 110 532 562
513 44
514 0 80 246
515 2 106 542
516 16
517 0 2 12 38 120 202 612
518
519
520 0 2 6 12 22 24 42 72 132 222 672
521
522 2 22 38 202 794
523 0 16 54
524 10 166
525 2 10 62
526 0
527 2 238 688
528
529 0 6 70 216 654
530 2
531
532 0 2 12
533 134
534
535 0 2 12 16 54 92 282
536
537 2 10 44 62 232 280 608
538 0 6 10 36 114
539 58 106 128
540 2
541 0 364 794
542 2 16 70 92 124 362 632
543 110
544 0 94 288
545 2 22 176 196 892 992
546
547 0 2 6 12 22 24 42 72 78 132 222 402 440 672
548 428
549
550 0 2 10 12 36 62 192
551 10
552 2
553 0 128 390
554 16 358
555 2
556 0 6
557 2
558 38
559 0 124 378
560 2 44 232
561 16
562 0 2 12
563 10 38 530
564 10
565 0 2 6 12 42
566
567 2 260 730
568 0
569 290
570 2 22 122
571 0
572 2 22
573 16 194 260
574 0 6 24
575 2
576 10
577 0 2 10 12 36 62 192
578
579 268
580 0 2 12 16 54 92 282
581
582 2
583 0 6 196 566 594
584 44
585 2 160 812
586 0
587 2
588 94
589 0 10 36 146 176 444 534
590 2 10 62
591
592 0 2 6 12 16 42 54 92 168 282 852
593 80
594 104
595 0 2 12 22 72
596
597 2 22 80 100 122 412 512
598 0 238 720
599 16 38 776
600 2 58 302
601 0 6 24
602 2 10 62 70 226 362 946
603 10 166
604 0 38 120
605 2 100 512
606
607 0 2 12 44 138 232 702
608 164
609 134
610 0 2 6 12 42
611 16
612 2
613 0
614
615 2 10 62 70 236 362 946
616 0 10 36
617 2 164 832
618 16
619 0 6 104 318 960
620 2 22
621
622 0 2 12 22 72
623
624 106
625 0 2 12 110 336 562 688
626 656
627 2
628 0 6 10 24 36 78 114 348
629 10
630 2 16 92
631 0 44 138
632 2
633 484
634 0
635 2
636
637 0 2 6 12 16 42 54 92 168 282 852
638
639 604
640 0 2 12 38 120 202 612
641 10 94 974
642 2 10 62
643 0
644
645 2 22 38 202
646 0 6
647 2 22
648 106
649 0 16 54
650 2
651
652 0 2 12
653 146
654 10 44 608
655 0 2 6 10 12 24 36 42 62 114 132 192 348 582 730
656 16 110 598
657 2 376 680
658 0
659
660 2 236
661 0 58 180
662 2 266 974
663
664 0 6
665 2 160 812
666 484
667 0 2 10 12 36 62 192
668 10 16 244
669 124
670 0 2 12 22 72 128 134 390 408 652 682
671
672 2 22
673 0 6
674 314
675 2 16 70 92 194 362 982
676 0 80 246
677 2
678 44
679 0
680 2 10 62 80 254 412
681 10 38 530
682 0 2 6 12 24 42 132
683
684 128
685 0 2 12 94 288 482 964
686 38 124 268
687 2 16 92
688 0 70 216
689
690 2
691 0 6 254 616 768
692 2
693 10 166
694 0 10 16 36 54 244 738
695 2 22 122
696 226
697 0 2 12 22 72
698 458
699 806
700 0 2 6 12 42 100 306 314 512 924 948
701 44 104 290
702 2
703 0
704
705 2 344 856
706 0 10 16 36 54 244 738
707 2 10 62
708 100
709 0 6 24 78 240
710 2
711
712 0 2 12
713 16
714
715 0 2 12
716
717 2
718 0 6
719 10
720 2 10 22 62 322
721 0 500
722 2 22 38 58 122 202 302 622
723 446
724 0 176 534
725 2 16 44 92 232 350 890
726 104
727 0 2 6 12 38 42 120 202 366 612 856
728
729
730 0 2 12
731
732 2 10 16 62 92 244
733 0 10 36 106 324 376
734
735 2
736 0 6 24
737 2
738 94 110 146
739 0
740 2
741
742 0 2 12
743 878
744 16 196 436
745 0 2 6 10 12 22 36 42 62 72 114 192 222 322 566 582 972
746 10 134 934
747 2 22
748 0 44 70 138 160 216 486
749
750 2
751 0 16 54
752 2
753
754 0 6
755 2
756
757 0 2 12 106 324 542
758 10
759 10 80
760 0 2 12
761 70
762 2 476 724
763 0 6 16 24 38 54 80 120 168 246 366 510 744 776
764
765 2
766 0
767 2
768 38 176 238
769 0 110 336
770 2 16 22 92 194 358 472 982
771 10
772 0 2 6 10 12 22 36 42 44 62 72 114 138 166 192 222 232 322 420 504 582 608 702 842 972
773 266
774 446
775 0 2 12 164 498 716 832
776
777 2
778 0
779
780 2
781 0 6
782 2 16 92 94 196 482 992
783 58
784 0 10 36 164 280 498 846
785 2 10 62
786
787 0 2 12
788
789 16
790 0 2 6 12 24 42 78 132 402
791
792 2
793 0
794
795 2 22 44 232
796 0 124 378
797 2 10 22 62 322
798 10
799 0 6 344 610
800 2
801 16 128 770
802 0 2 12 146 444 742 860
803 100
804 38
805 0 2 12 350 364
806
807 2 134 682
808 0 6 16 54 104 168 318 960
809 38
810 2 10 62
811 0 10 36 100 306 488
812 2
813 124
814 0
815 2 128 652
816 934
817 0 2 6 12 24 42 132
818
819 44
820 0 2 12 16 22 54 72 92 122 280 282 372 472 846
821 70
822 2 22
823 0 10 36
824 10
825 2
826 0 6 460 488
827 2 16 92
828 160
829 0
830 2 260
831 226
832 0 2 12
833 104
834 70
835 0 2 6 12 42 94 288 476 482 870
836 10 260 610
837 2 10 62
838 0
839 16 238 458
840 2
841 0
842 2 44 80 106 232 412 542
843
844 0 6 24 58 180 546
845 2 22 38 202
846 16 80
847 0 2 12 22 72 122 372
848
849 10
850 0 2 10 12 36 38 62 120 192 202 268 530 612 810
851 110
852 2
853 0 6
854 236
855 2
856 0
857 2
858 16
859 0
860 2
861 926
862 0 2 6 10 12 36 42 62 114 166 192 290 504 582 842 876
863 10
864
865 0 2 12 16 54 92 282
866 44 106 436
867 2
868 0
869
870 2 22
871 0 6 24 78
872 2 22 194 460 982
873
874 0
875 2 10 62
876 10
877 0 2 12 16 54 92 282
878
879 94
880 0 2 6 12 42
881
882 2 110 562
883 0 134 408
884 16
885 2
886 0 38 120
887 2 146 742
888 10
889 0 6 10 36 44 114 138 420 428 608
890 2
891 38
892 0 2 12
893
894 70
895 0 2 12 22 72
896 16
897 2 22
898 0 6 24
899 236
900 2
901 0 10 36
902 2 10 62
903 16 176 716
904 0 560
905 2 58 302
906 100
907 0 2 6 12 42 70 216 362 654 748
908 364
909
910 0 2 12
911 160
912 2 656 754
913 0 44 138
914 10 100
915 2 10 16 62 92 104 244 358 532
916 0 6
917 2
918
919 0
920 2 22
921
922 0 2 12 16 22 54 72 92 282 472
923 124
924
925 0 2 6 12 24 42 80 132 226 246 412 684 744
926
927 2 10 38 62 202 530 964
928 0 10 36
929 80
930 2 440
931 0 266 804
932 2 38 94 128 202 482 652
933
934 0 6 16 54 168
935 2
936 44
937 0 2 12 254 680 768
938
939
940 0 2 10 12 36 62 104 124 192 318 378 532 632
941 10 16 166 244 824
942 2 164 832
943 0 6 196 594
944 134
945 2 22 122 622 854
946 0 128 390
947 2 22 176 598 892
948 254
949 0
950 2
951 106 146 164
952 0 2 6 12 24 42 78 132 240 402
953 10 16 244
954 10
955 0 2 12
956 500
957 2 268
958 0
959
960 2 16 44 92 232 616 890
961 0 6
962 2
963
964 0 110 336
965 2
966 10 58 790
967 0 2 10 12 36 62 70 192 194 216 362 588 946 982
968 38
969
970 0 2 6 12 22 42 72 222
971
972 2 16 22 92 122 472
973 0 38 120 560
974 836
975 2 106 542
976 0 94 288
977 2
978
979 0 6 10 16 24 36 54 114 168 244 348 428 510 738
980 2 10 62 70 362 604 946
981 196
982 0 2 12
983 44
984 836
985 0 2 12
986
987 2
988 0 6
989 824
990 2 440
991 0 16 54 160 314 486 948
992 2 10 62
993 10
994 0 290 876
995 2 22 110 562
996
997 0 2 6 12 22 42 72 222
998 16
999
