0 0 3 6 15
1 1 5 13
2 1 5
3 0 3
4 10 23
5 1 10 23 49
6 0 1 3 4 9 11 18 25 39 81
7 58 119
8 80 163
9 0 1 3 5 6 9 15 21 24 33 51 69 105 213
10 1 5 13 14 31 65 133 269
11 164 331
12 0 3 64 131 198 399
13 1 4 11 14 25 31 65 116 235 473
14 1 136 275 553
15 0 3 104 211 318 639
16 364 731
17 1 5 10 13 23 29 49 61 101 205 413 829
18 0 1 3 5 6 9 10 15 21 23 33 36 49 69 75 101 114 153 231 309 465 933
19 520
20 4 11 80 163 578
21 0 1 3 9 104 211 318 425 639
22 1 350 703
23 770
24 0 3 278 559 840
25 1 5 226 455 913
26 1 5 13 28 29 59 61 121 245 493 989
27 0 3 4 6 11 14 15 18 31 39 48 60 99 116 123 150 235 303 354 711
28
29 1 616
30 0 1 3 9 10 14 23 31 36 48 49 65 75 99 153 201 218 439 660 881
31 10 23 106 215
32
33 0 1 3 5 9 13 21 45 64 131 198 265 399 533 801
34 1 4 5 11 25 53 58 119 241 424 485 851
35
36 0 3 6 15 24 51 68 139 210 423 636
37 1
38 1
39 0 3 748
40
41 1 4 5 11 25 53 86 175 353 620 709
42 0 1 3 5 9 13 21 45 106 215 324 433 651 869
43 10 23 208 419
44 10 14 23 31 166 218 335 439
45 0 1 3 6 9 15 33 164 331 498 665 999
46 1
47 14 31 190 383
48 0 3 4 11 18 39 160 323 486 975
49 1 5 13 29 220 443 889
50 1 5 926
51 0 3
52
53 1
54 0 1 3 6 9 15 33 238 479 720 961
55 4 11 640
56 10 23 356 715
57 0 1 3 5 9 10 21 23 28 36 49 59 75 90 101 121 153 183 245 309 369 400 741 803
58 1 5 13 29 310 623
59 68 70 139 143
60 0 3
61 1 14 31 65 160 323 649
62 1 4 11 25 406 815
63 0 3 6 15 24 51 70 78 143 159 216 435 654
64 14 31 356 715
65 1 5 13 784
66 0 1 3 5 9 21 538
67
68 58 110 119 223
69 0 1 3 4 9 10 11 18 23 25 36 39 49 75 81 88 153 166 179 270 335 361 504 543 673
70 1 10 23 49 278 559
71
72 0 3 6 15 856
73 1 5
74 1 5 13
75 0 3
76 4 11
77 1
78 0 1 3 9 14 31 48 65 86 99 175 201 264 353 531
79 64 131 136 275
80
81 0 1 3 5 6 9 13 14 15 21 29 31 33 45 48 61 65 69 93 99 125 133 141 150 189 201 269 285 303 381 405 541 573 609 813
82 1 5 10 23 49 101 190 383 769
83 4 10 11 23 88 110 179 223 788
84 0 3
85 1
86 1
87 0 3
88 28 59 370 743
89 1 5
90 0 1 3 4 5 6 9 11 13 15 18 21 24 25 29 33 39 45 51 53 60 61 69 81 93 105 109 123 125 141 165 186 189 213 221 249 285 333 375 381 429 445 501 573 669 753 861 893
91 80 146 163 295
92
93 0 1 3 9
94 1
95 10 14 23 31 58 119 218 439 790
96 0 3 10 23 36 75 350 703
97 1 4 5 11 13 25 53 109 248 499
98 1 5 14 31 65 133 208 419 841
99 0 3 6 15
100 64 131 220 443
101 1
102 0 1 3 9
103 80 163 188 379
104 4 11
105 0 1 3 5 9 21
106 1 5 13
107 68 139 238 479
108 0 3 6 10 15 23 36 75 114 146 231 295 444 891
109 1 10 23 49 680
110 1
111 0 3 4 11 18 39 874
112 14 31
113 1 5 13 29
114 0 1 3 5 9 21
115 14 31
116
117 0 1 3 6 9 15 24 33 51 105 376 755
118 1 4 11 25
119 28 59 680
120 0 3
121 1 5 10 23 49 101 418 839
122 1 5 10 13 23 29 49 101 104 205 211 413 425 853
123 0 3
124
125 1 4 11 25
126 0 1 3 6 9 15 33
127
128 104 211 226 455
129 0 1 3 5 9 13 14 21 31 45 48 58 65 99 119 133 180 201 241 269 363 405 485 729 813 973
130 1 5 68 86 139 175 281 353 565 709
131
132 0 3 4 11 14 18 31 39 48 70 99 116 143 216 235 354 435 508 711
133 1
134 1 10 23 49
135 0 3 6 10 15 23 36 75 114 230 231 463 696
136 70 143 376 755
137 1 5
138 0 1 3 5 9 13 21 45
139 4 11
140 106 215 266 535
141 0 1 3 9
142 1
143
144 0 3 6 15 24 51 78 159 380 763
145 1 5 13 29 61 980
146 1 4 5 11 14 25 31 53 64 65 116 131 133 235 265 466 473 533 935 949
147 0 3 10 23 36 75 826
148 10 23
149 1 14 31 65 974
150 0 1 3 9 28 59 90 121 178 183 359 369 540 721
151 106 215 310 623
152 178 188 359 379
153 0 1 3 4 5 6 9 11 15 18 21 25 33 39 53 60 69 81 123 136 165 249 275 414 501 553 831 970
154 1 5 13 29 61
155
156 0 3 58 119 180 196 363 395 594
157 1
158 1
159 0 3
160 4 10 11 23 88 179 418 839
161 1 5 10 13 23 49 101 205 370 743
162 0 1 3 5 6 9 15 21 33 69
163 14 31
164
165 0 1 3 9
166 1 14 31 65
167 4 11 64 86 131 175 466 620 935
168 0 3
169 1 5
170 1 5 13
171 0 3 6 15 24 51
172
173 1 10 23 49
174 0 1 3 4 9 10 11 18 23 25 36 39 49 75 80 81 88 153 163 179 246 270 329 361 495 543 578 993
175
176 196 230 395 463
177 0 1 3 5 9 13 21 29 45 93 974
178 1 5 68 139 164 281 331 565 665
179
180 0 3 6 14 15 31 48 99 150 303 314 631 948
181 1 4 11 25 28 59 110 121 214 223 431 449 788 865
182 1
183 0 3 14 31 48 99 980
184
185 1 5
186 0 1 3 5 9 10 13 21 23 29 36 45 49 75 80 93 101 153 163 205 246 309 329 413 495 621 661 993
187 10 23
188 4 11
189 0 1 3 6 9 15 33
190 1 58 119 241 440 883
191
192 0 3
193 1 5 13
194 1 5
195 0 3 4 11 18 39
196 110 223 506
197 1 14 31 65
198 0 1 3 6 9 15 24 33 51 105
199 10 23
200 10 14 23 31 218 268 439 539
201 0 1 3 5 9 21 68 139 210 281 423 565 849
202 1 4 5 11 13 25 53 109
203
204 0 3
205 1 70 143 289 428 859
206 1
207 0 3 6 15
208
209 1 4 5 11 13 25 29 53 61 70 109 125 143 221 253 289 445 508 581 893
210 0 1 3 5 9 21
211 160 323 406 815
212 10 23 28 59 164 331 400 803
213 0 1 3 9 10 23 36 49 64 75 131 153 166 198 265 335 399 504 673 801 868
214 1 14 31 65
215
216 0 3 4 6 11 15 18 39 60 123
217 1 5 14 31 58 65 119 133 241 286 485 575
218 1 5 13 29 61 125 136 253 275 509 553
219 0 3 86 175 264 266 531 535 804
220
221 1
222 0 1 3 9
223 4 11
224 160 323 458 919
225 0 1 3 5 6 9 10 13 15 21 23 24 33 36 45 49 51 69 75 78 101 105 114 141 153 159 205 213 231 240 309 321 348 429 465 483 621 645 699 726 933 969
226 1 5 10 23 49 101
227
228 0 3
229 1 104 211 364 425 731
230 1 4 11 25
231 0 3 14 31 48 99
232
233 1 5
234 0 1 3 5 6 9 13 14 15 21 31 33 45 48 64 65 69 99 131 133 141 150 198 201 265 269 303 399 405 533 600 609 801 813
235 104 211 770
236
237 0 1 3 4 9 11 18 25 39 81
238 1 10 23 49 166 248 335 499 673
239 10 23
240 0 3 146 190 295 383 444 576 891
241 1 5 13 29
242 1 5
243 0 3 6 15 28 59 90 183 276 314 555 631 948
244 4 11
245 1
246 0 1 3 9
247
248 14 31
249 0 1 3 5 9 21 68 106 139 210 215 281 324 423 433 565 651 849 869
250 1 5 13 29
251 4 10 11 14 23 31 58 88 116 119 179 218 235 424 439 790 851
252 0 3 6 10 15 23 24 36 51 75 114 231 268 348 539 699 810
253 1
254 1 208 226 419 455 841 913
255 0 3
256 86 175
257 1 5 13 80 146 163 295 329 593 661
258 0 1 3 4 5 9 11 18 21 25 39 53 81 165
259
260 106 215 926
261 0 1 3 6 9 15 33
262 1
263
264 0 3 10 23 36 75
265 1 4 5 10 11 14 23 25 31 49 53 65 88 101 116 133 179 218 235 286 361 439 473 575 725 881 949
266 1 5 13
267 0 3
268 14 31
269 1 80 163 329 650
270 0 1 3 6 9 15 33
271
272 4 11 68 139 220 443 494 991
273 0 1 3 5 9 13 21 29 45 61 93 189
274 1 5 28 59 121 245 904
275 190 383 584
276 0 3
277 1 10 23 49
278 1 10 23 49 58 70 119 143 241 289 790 946
279 0 3 4 6 11 15 18 24 39 51 60 123 186 375 614
280 64 131
281 1 5
282 0 1 3 5 9 13 14 21 29 31 45 48 61 65 70 93 99 133 143 189 201 216 269 289 405 435 541 581 813 873
283
284
285 0 1 3 9 14 31 48 65 99 201
286 1 4 11 25
287
288 0 3 6 15
289 1 5 13
290 1 5 10 23 49 101
291 0 3 10 23 36 75
292 136 275 916
293 1 4 11 25
294 0 1 3 9 110 188 223 336 379 449 570 675 761
295 238 479 538
296
297 0 1 3 5 6 9 15 21 33 69
298 1 5 13
299 14 31
300 0 3 4 11 18 39
301 1 64 131 265
302 1 14 31 65
303 0 3 10 23 36 75
304 10 23
305 1 5 13 28 29 59 121 245 278 493 559 989
306 0 1 3 5 6 9 15 21 24 33 51 69 78 105 159 213 321 430 645 863
307 4 11
308 86 175
309 0 1 3 9 110 208 223 336 419 449 630 675 841
310 1
311
312 0 3 58 119 180 363 794
313 1 5
314 1 4 5 11 13 25 29 53 109 221
315 0 3 6 15
316 10 14 23 31 218 439 674
317 1 10 23 49
318 0 1 3 9
319 14 31
320 68 139
321 0 1 3 4 5 9 11 13 18 21 25 39 45 53 81 109 165 333 916
322 1 5
323 220 443 698
324 0 3 6 15
325 1
326 1
327 0 3
328 4 11
329 1 5 10 23 49 101
330 0 1 3 5 9 10 13 21 23 36 45 49 75 101 153 205 309 520 621
331 178 359 904
332
333 0 1 3 6 9 14 15 24 31 33 48 51 65 99 105 150 178 201 303 359 456 540 609 721 915
334 1
335 4 11
336 0 3 14 28 31 48 59 90 99 104 183 211 318 524 639
337 1 5 13 29 61 125
338 1 5
339 0 3 58 119 180 363 938
340 80 163
341 1
342 0 1 3 4 6 9 10 11 15 18 23 25 33 36 39 49 60 75 81 88 104 114 123 153 179 211 231 249 270 318 361 425 465 543 639 746 816 960
343 10 23 68 139 188 379 920
344
345 0 1 3 5 9 21 86 164 175 264 331 353 498 531 665 709 999
346 1 5 13 29 61 125
347 64 131
348 0 3 238 248 479 499 720 750
349 1 4 11 25
350 1 14 31 65
351 0 3 6 15 70 143 216 278 435 559 654 840
352 80 163
353 1 5 13 14 31 65 133 269
354 0 1 3 5 9 21
355 10 23 70 143 196 395 946
356 4 10 11 23 88 179
357 0 1 3 9 136 226 275 414 455 553 684 831 913
358 1 106 215 433 878
359
360 0 3 6 15 24 51
361 1 5
362 1 5 13
363 0 3 4 11 18 39
364
365 1
366 0 1 3 9
367 14 28 31 59 380 524 763
368 10 23 64 131 230 463 868
369 0 1 3 5 6 9 10 13 15 21 23 29 33 36 45 49 69 75 93 101 106 114 141 153 205 215 231 285 309 324 413 433 465 621 651 869 933 978
370 1 4 5 11 14 25 31 53 65 116 133 235 428 473 859 949
371 310 623 656
372 0 3
373 1 58 119 241
374 1 160 323 640 649
375 0 3 196 350 395 594 703
376
377 1 4 5 11 25 53
378 0 1 3 5 6 9 13 15 21 29 33 45 69 93 141 285
379 164 331
380
381 0 1 3 9 10 23 36 49 75 153
382 1 10 23 49 166 335 644 673
383 364 596 731
384 0 3 4 11 14 18 31 39 48 99 116 235 354 616 711
385 1 5 13
386 1 5
387 0 3 6 14 15 24 31 48 51 78 99 150 159 160 303 323 456 486 915 975
388
389 1 146 295 593 758
390 0 1 3 9
391 4 11 68 139 458 494 919 991
392
393 0 1 3 5 9 21
394 1 5 10 13 23 49 101 205
395 10 23
396 0 3 6 15
397 1 86 175 353
398 1 4 11 25 28 59 121 214 431 544 865
399 0 3
400 58 119
401 1 5 13 14 29 31 61 65 133 269 440 541 883
402 0 1 3 5 9 21
403
404 14 31
405 0 1 3 4 6 9 11 15 18 25 33 39 60 81 123 249
406 1 146 295 593 826
407 10 23 110 166 223 335
408 0 3 10 23 36 75
409 1 5 230 266 463 535 929
410 1 5 13 29 61
411 0 3
412 4 11
413 1
414 0 1 3 6 9 15 24 33 51 64 68 105 131 139 198 210 265 281 399 423 600 636 801 849
415 356 715 716
416 430 596 863
417 0 1 3 5 9 13 21 45
418 1 5 14 31 65 133
419 4 11
420 0 3 10 23 36 75
421 1 10 14 23 31 49 65 218 439 598 881
422 1 110 223 449
423 0 3 6 15 80 163 246 356 495 715 744
424 70 143
425 1 5
426 0 1 3 4 5 9 11 13 18 21 25 39 45 53 81 109 165 333
427
428 70 143
429 0 1 3 9 28 59 90 121 183 369
430 1
431 136 275
432 0 3 6 15
433 1 4 5 10 11 13 23 25 29 49 53 88 101 109 179 190 205 221 361 383 413 725 769
434 1 5 10 23 49 58 86 101 119 175 241 353 485 709 790
435 0 3 14 31 48 64 80 99 131 163 198 246 399 495
436
437 1
438 0 1 3 9 14 31 48 65 99 201
439
440 4 11
441 0 1 3 5 6 9 15 21 24 33 51 69 105 213
442 1 5 13 29
443 104 211
444 0 3
445 1
446 1 10 23 49
447 0 3 4 10 11 18 23 36 39 75 88 179 270 543
448
449 1 5 13 104 211 350 425 703 853
450 0 1 3 5 6 9 15 21 33 69
451
452 14 31
453 0 1 3 9
454 1 4 11 25
455 14 31
456 0 3
457 1 5
458 1 5 13
459 0 3 6 10 15 23 36 75 114 231
460 10 23 28 59 400 784 803
461 1 4 11 25 58 119 241 370 424 743 851
462 0 1 3 9 68 139 210 281 423 748 849
463
464 310 623
465 0 1 3 5 9 13 21 29 45 61 93 125 189 208 253 381 419 509 630 765 841
466 1 5
467 106 215
468 0 3 4 6 11 15 18 24 39 51 60 78 123 159 186 190 240 375 383 483 564 576
469 1 14 31 65
470 1
471 0 3 268 406 539 810 815
472 10 14 23 31 218 439
473 1 5 10 23 49 101
474 0 1 3 5 9 13 21 29 45 61 93 125 189 253 381 765 874
475 4 11
476
477 0 1 3 6 9 15 33
478 1 106 215 433
479
480 0 3
481 1 5 13 64 131 265 533 644
482 1 4 5 11 25 53
483 0 3 226 455 506 684
484
485 1 10 23 49 68 139 188 281 379 761 920
486 0 1 3 6 9 10 14 15 23 31 33 36 48 49 65 75 86 99 114 150 153 175 201 218 231 264 303 353 439 465 531 609 660 798 881
487
488 266 535
489 0 1 3 4 5 9 11 14 18 21 25 31 39 48 53 65 81 99 116 133 165 201 235 248 354 405 473 499 711 750 949
490 1 5 13
491 28 59
492 0 3
493 1
494 1
495 0 3 6 15 24 51 58 119 180 220 363 443 546 666
496 4 11 136 275 376 755 970
497 1 5 13 29 70 143 289 314 581 631
498 0 1 3 5 9 10 21 23 36 49 75 101 153 309
499 10 23
500
501 0 1 3 9 70 143 216 289 435 856 873
502 1 64 131 265
503 4 11 14 31 116 235
504 0 3 6 15
505 1 5
506 1 5 13 14 29 31 65 80 133 163 269 286 329 541 575 661
507 0 3
508 584 656
509 1
510 0 1 3 4 9 11 18 25 39 81
511 10 23
512 10 23 164 178 331 359
513 0 1 3 5 6 9 13 15 21 33 45 69 141
514 1 5 178 359 544 721
515 376 755
516 0 3
517 1 4 11 25
518 1 80 163 329
519 0 3
520 14 31 110 208 223 419
521 1 5
522 0 1 3 5 6 9 13 15 21 24 28 33 45 51 58 59 69 90 105 119 121 141 180 183 213 241 245 276 363 369 429 485 493 546 555 729 741 834 973
523 14 31 86 175 268 539
524 4 10 11 23 88 179
525 0 1 3 9 10 23 36 49 75 153
526 1
527 380 763
528 0 3
529 1 5 13 29 61
530 1 5
531 0 3 4 6 11 15 18 39 60 123
532
533 1 68 139 281
534 0 1 3 9 188 370 379 570 743 761
535 110 223
536 238 479
537 0 1 3 5 9 10 14 21 23 31 36 48 49 65 75 99 101 133 153 160 201 218 309 323 405 439 486 649 660 881 975
538 1 4 5 10 11 13 23 25 29 49 53 61 88 101 109 146 179 205 221 295 361 413 445 593 725 829
539
540 0 3 6 14 15 31 48 99 150 303
541 1
542 1 418 520 839
543 0 3
544 614 716
545 1 4 5 11 13 25 53 109
546 0 1 3 5 9 21 164 220 331 443 498 665 666 889 999
547
548 64 131
549 0 1 3 6 9 15 24 33 51 78 105 159 321
550 1 10 23 49 104 160 211 323 425 649
551 10 23 166 335
552 0 3 4 11 18 39
553 1 5 28 59 121 245
554 1 5 13 14 31 65 133 196 269 286 395 575 793
555 0 3 146 295 444 891
556 58 68 104 119 139 211
557 1 14 31 65
558 0 1 3 6 9 15 33
559 4 11
560 314 631
561 0 1 3 5 9 13 21 29 45 93
562 1 5
563 10 23
564 0 3 10 23 36 75
565 1
566 1 4 11 25
567 0 3 6 15
568
569 1 5 64 131 265 533
570 0 1 3 5 9 13 21 29 45 70 93 136 143 216 275 289 414 435 553 581 831 873
571 14 31
572
573 0 1 3 4 9 11 18 25 39 81
574 1 14 31 65 70 143 196 289 395 793
575 86 175
576 0 3 6 10 15 23 24 36 51 75 106 114 166 215 231 324 335 348 504 651 699 978
577 1 5 10 13 23 49 101 205
578 1 5
579 0 3
580 4 11
581 1 418 598 839
582 0 1 3 9
583 58 119
584 28 59
585 0 1 3 5 6 9 15 21 33 69
586 1 5 13 226 278 455 559 913
587 4 11 106 215 674 760
588 0 3 14 31 48 99
589 1 10 23 49 80 163 238 329 479 961
590 1 10 23 49
591 0 3 14 31 48 99
592
593 1 5 13 29 61 125
594 0 1 3 4 5 6 9 11 15 18 21 25 33 39 53 60 69 81 123 165 249 501
595
596 364 731
597 0 1 3 9
598 1
599 248 499
600 0 3
601 1 4 5 11 25 53 80 163 230 329 463 578 661 929
602 1 5 10 13 23 29 49 61 101 125 205 413 650 829
603 0 3 6 10 15 23 24 36 51 75 114 231 348 699
604 68 139
605 1 14 31 65
606 0 1 3 9
607 538
608 4 11 14 31 116 235
609 0 1 3 5 9 13 21 45
610 1 5
611
612 0 3 6 15 86 175 264 531 698 798
613 1
614 1
615 0 3 4 10 11 18 23 28 36 39 59 64 75 88 90 131 179 183 198 214 270 399 400 431 466 543 648 803 868 935
616 10 23
617 1 5 58 119 241 485
618 0 1 3 5 9 13 21 45
619
620 406 815
621 0 1 3 6 9 15 33
622 1 4 11 14 25 31 65 116 235 473
623
624 0 3
625 1 5 13 14 29 31 65 133 269 541
626 1 5 190 383 758 769
627 0 3 68 139 210 423
628 10 23
629 1 4 10 11 23 25 49 88 179 361
630 0 1 3 6 9 15 24 33 51 78 105 159 321
631
632 278 559
633 0 1 3 5 9 21 110 223 336 440 449 675 883 901
634 1 5 13 29
635 136 275
636 0 3 4 11 18 39 64 131 198 399 428 466 859 935
637 1
638 1
639 0 3 6 14 15 31 48 99 150 303
640
641 1 5 10 13 23 49 101 205
642 0 1 3 5 9 10 14 21 23 31 36 48 49 65 75 99 101 133 153 201 218 230 309 405 439 463 660 696 881 929
643 4 11 70 143 508
644 58 119
645 0 1 3 9
646 1 28 59 121
647 70 143
648 0 3 6 15 110 223 336 616 675
649 1 5
650 1 4 5 11 13 25 53 109
651 0 3
652
653 1
654 0 1 3 9 10 23 36 49 75 153
655 10 23
656 14 31
657 0 1 3 4 5 6 9 11 13 15 18 21 24 25 29 33 39 45 51 53 60 61 69 81 93 104 105 109 123 141 165 186 189 211 213 221 249 285 318 333 375 425 429 445 501 573 639 669 746 753 853 861 960
658 1 5
659 14 31
660 0 3
661 1 190 383 769
662 1
663 0 3 104 211 318 639
664 4 11 86 175 620
665 1 5
666 0 1 3 5 6 9 13 15 21 29 33 45 61 69 93 141 189 285 573
667 10 23
668 10 23
669 0 1 3 9
670 1
671 4 11
672 0 3 80 163 246 495
673 1 5 13 14 31 65 133 269
674 1 5
675 0 3 6 15 68 139 210 423 636
676 14 31 188 208 379 419
677 1 28 59 121
678 0 1 3 4 9 11 18 25 39 58 81 119 180 241 266 363 424 535 729 804 851
679 164 331
680 10 23
681 0 1 3 5 9 10 21 23 36 49 75 101 153 309
682 1 5 13 64 131 265 533
683
684 0 3 6 15 24 51 80 163 246 310 495 623 744 936
685 1 4 11 25 106 215 433 458 760 919
686 1
687 0 3 146 295 444 891
688
689 1 5 13 29
690 0 1 3 5 9 14 21 31 48 65 99 133 201 405
691
692 4 11
693 0 1 3 6 9 10 14 15 23 31 33 36 48 49 65 75 99 114 150 153 178 201 218 231 303 359 439 465 540 609 660 721 881
694 1 10 23 49
695 178 359
696 0 3 106 215 324 651
697 1 5
698 1 5 13 29 68 139 281 565 640
699 0 3 4 11 18 39
700 160 323
701 1 86 175 353
702 0 1 3 6 9 15 33
703 64 131
704 146 295
705 0 1 3 5 9 13 21 45 58 119 180 241 363 485 506 729 973
706 1 4 5 10 11 23 25 49 53 88 101 179 361 725
707 10 14 23 31 218 439
708 0 3 28 59 90 183
709 1 136 275 553
710 1 14 31 65
711 0 3 6 15 24 51 78 159 240 483
712 226 455
713 1 4 5 11 25 53 160 164 323 331 649 665
714 0 1 3 5 9 13 21 45
715
716 70 143
717 0 1 3 9
718 1 220 443 889
719 10 23
720 0 3 4 6 10 11 15 18 23 36 39 60 70 75 88 114 123 143 166 179 216 231 270 335 435 504 508 543 654 816 946
721 1 5 13 29 61 125 253
722 1 5
723 0 3
724 14 31
725 1 188 379 761
726 0 1 3 9
727 4 11 14 31 116 235
728 350 703
729 0 1 3 5 6 9 15 21 33 69
730 1 5 13 29 61 125 253 509
731 208 419
732 0 3 10 23 36 75
733 1 10 23 49
734 1 4 11 25
735 0 3
736
737 1 5 13
738 0 1 3 5 6 9 15 21 24 33 51 69 105 213
739 28 58 59 119 430 863
740 248 499
741 0 1 3 4 9 11 14 18 25 31 39 48 65 81 99 116 201 235 354 473 711
742 1 268 539
743
744 0 3 14 31 48 99
745 1 5 10 23 49 101 166 335 673
746 1 5 10 13 23 49 68 101 110 139 205 223 281 449 565 901 920
747 0 3 6 15
748 4 11
749 1 64 131 265
750 0 1 3 9 364 380 731 763
751 794
752
753 0 1 3 5 9 13 21 29 45 86 93 175 196 264 353 395 531 594 709 793
754 1 5
755 4 11 80 163 578
756 0 3 6 15
757 1 266 535
758 1 10 14 23 31 49 65 218 439 881
759 0 3 10 23 36 75
760
761 1 5 14 31 65 110 133 223 449 901
762 0 1 3 4 5 9 11 13 18 21 25 29 39 45 53 81 93 109 165 221 333 669
763
764 104 211
765 0 1 3 6 9 15 24 33 51 105
766 1 58 119 241
767 80 163
768 0 3
769 1 4 5 11 13 25 53 68 109 139 220 281 443 494 565 889 991
770 1 5 28 59 64 104 121 131 211 245 265 425 533 853
771 0 3 10 23 36 75
772 10 23
773 1 196 395 793
774 0 1 3 6 9 15 33 136 275 356 414 553 715 831
775 14 31
776 4 11
777 0 1 3 5 9 21 238 310 479 623 720 936 961
778 1 5 13 14 31 65 133 269
779
780 0 3
781 1
782 1 356 715
783 0 3 4 6 11 15 18 39 60 123
784 10 23
785 1 5 10 13 23 29 49 61 101 205 413 829
786 0 1 3 5 9 21
787
788
789 0 1 3 9 70 143 216 289 435 873
790 1 4 11 25 86 175 353 620 748
791
792 0 3 6 14 15 24 31 48 51 78 99 150 159 303 456 680 915
793 1 5 70 143 289 581
794 1 5 13 29 61 106 215 268 433 539 869
795 0 3 14 31 48 99 286 575 864
796 770
797 1 4 10 11 23 25 49 88 179 361
798 0 1 3 9 10 23 36 49 75 153
799
800 58 119
801 0 1 3 5 6 9 13 15 21 28 33 45 59 69 90 121 141 183 245 276 369 428 493 555 741 859
802 1 5 350 680 703
803
804 0 3 4 11 18 39
805 1 106 215 433
806 1
807 0 3
808
809 1 5 14 31 65 133
810 0 1 3 5 6 9 10 13 15 21 23 33 36 45 49 69 75 101 114 141 153 205 231 309 465 621 933
811 4 10 11 23 88 179
812 14 31
813 0 1 3 9
814 1 314 631
815 226 455
816 0 3 64 131 198 399
817 1 5 13 29 68 139 281 565 878
818 1 4 5 11 25 53
819 0 3 6 15 24 51 190 383 576
820
821 1
822 0 1 3 9
823 10 23
824 10 23
825 0 1 3 4 5 9 11 18 21 25 39 53 81 165
826 1 5 13 14 29 31 65 133 269 541
827 58 119
828 0 3 6 15
829 1 14 31 65
830 1 238 479 961
831 0 3
832 4 11 28 59 214 431
833 1 5 13
834 0 1 3 5 9 21 230 370 463 696 743 929
835
836 10 23 146 295 538
837 0 1 3 6 9 10 15 23 33 36 49 64 75 114 131 153 198 231 265 399 465 600 801 868
838 1 80 163 329
839 4 11
840 0 3 68 139 210 423
841 1 5
842 1 5 13 86 175 353 709
843 0 3 14 31 48 99 286 575 864
844 440 883
845 1
846 0 1 3 4 6 9 11 14 15 18 24 25 31 33 39 48 51 60 65 81 99 105 116 123 150 164 186 201 235 249 303 331 354 375 456 473 498 609 665 711 753 915 999
847
848 136 275
849 0 1 3 5 9 10 13 21 23 29 36 45 49 61 75 93 101 125 153 189 205 309 381 413 430 621 829 863
850 1 5 10 23 49 80 101 163 248 329 499 661
851
852 0 3 458 784 919
853 1 4 11 25 146 295 520 593
854 1 190 383 769
855 0 3 6 15
856
857 1 5
858 0 1 3 5 9 13 21 29 45 61 93 125 189 381
859 110 223
860 4 11 14 31 116 235
861 0 1 3 9 58 119 180 241 363 729
862 1 10 23 49 70 143 289 584 946
863 10 14 23 28 31 59 160 218 323 400 439 524 803
864 0 3 6 15
865 1 5 13
866 1 5 70 143 289 581
867 0 3 4 11 18 39 188 278 379 559 570 840
868
869 1
870 0 1 3 9
871 104 211
872
873 0 1 3 5 6 9 15 21 24 33 51 69 78 105 159 213 321 645
874 1 4 5 11 13 25 53 109 110 178 223 359 449 721 788 901
875 10 23 230 376 463 755
876 0 3 10 23 36 75 160 178 323 359 486 540 975
877 1 14 31 65 104 211 314 425 631
878 1
879 0 3 86 175 264 531
880 14 31 164 331 406 815
881 1 4 5 11 13 25 29 53 109 221
882 0 1 3 5 6 9 15 21 33 69
883 64 131
884
885 0 1 3 9
886 1
887 208 419
888 0 3 4 10 11 18 23 36 39 58 68 75 88 119 139 179 180 210 270 363 423 424 494 543 790 851 920 991
889 1 5 10 23 49 101 166 335 673
890 1 5 13 29
891 0 3 6 15
892
893 1
894 0 1 3 9 14 28 31 48 59 65 90 99 121 183 201 369 376 524 755
895 4 11
896 614
897 0 1 3 5 9 13 14 21 31 45 48 65 99 133 201 269 405 813
898 1 5
899
900 0 3 6 15 24 51
901 1 10 23 49
902 1 4 10 11 23 25 49 88 179 361
903 0 3 106 215 324 651
904 64 131
905 1 5
906 0 1 3 5 9 13 21 45
907 370 743
908
909 0 1 3 4 6 9 11 15 18 25 33 39 60 81 123 249
910 1 380 763
911 14 31 68 139
912 0 3
913 1 5 13 29 61 136 275 278 553 559
914 1 5 10 14 23 31 49 65 101 106 133 166 215 218 335 433 439 673 869 881
915 0 3 10 23 36 75
916 4 11 188 379 938
917 1
918 0 1 3 6 9 15 33
919
920
921 0 1 3 5 9 21 80 163 246 329 495 661 993
922 1 5 13 29 58 61 119 241 485 650 973
923 4 11
924 0 3
925 1 28 59 121
926 1
927 0 3 6 10 15 23 24 36 51 75 114 231 348 699
928 10 14 23 31 218 439
929 1 5 13
930 0 1 3 4 5 9 11 18 21 25 39 53 81 165
931 14 31 86 175 856
932
933 0 1 3 9 80 163 246 329 495 993
934 1
935 70 143
936 0 3 6 15
937 1 4 5 11 25 53
938 1 5 13
939 0 3 70 143 216 435
940 10 23
941 1 10 23 49 220 226 443 455 889 913
942 0 1 3 9 208 419 630 841
943
944 4 11
945 0 1 3 5 6 9 13 14 15 21 29 31 33 45 48 65 69 93 99 133 141 150 201 269 285 303 405 541 544 609 813
946 1 5
947 266 535
948 0 3 14 31 48 99
949 1 58 119 241
950 1 64 131 265
951 0 3 4 11 18 39
952 196 395
953 1 5 10 23 49 101
954 0 1 3 5 6 9 10 13 15 21 23 24 29 33 36 45 49 51 69 75 78 93 101 105 114 141 153 159 205 213 231 240 285 309 321 348 413 429 465 483 621 645 699 726 861 933 969
955
956 28 59
957 0 1 3 9
958 1 4 11 25
959 68 139
960 0 3
961 1 5 13
962 1 5 14 31 65 133
963 0 3 6 15 364 418 731 839
964
965 1 4 11 14 25 31 65 116 235 473
966 0 1 3 9 10 23 36 49 75 153
967 10 23
968 86 175
969 0 1 3 5 9 21
970 1 5 13
971 64 131
972 0 3 4 6 11 15 18 39 60 110 123 196 223 336 395 594 675 788
973 1
974 1
975 0 3
976 826
977 1 5 13 29 61 125 253 509
978 0 1 3 5 9 21 104 211 318 425 639 853
979 4 10 11 14 23 31 88 116 179 218 235 439 926
980 10 23
981 0 1 3 6 9 15 24 33 51 105
982 1 14 31 65 68 139 281 596
983 58 119
984 0 3 104 211 318 639
985 1 5 146 295 593
986 1 4 5 11 13 25 29 53 61 109 125 221 253 445 893
987 0 3 28 59 90 110 136 183 223 275 336 414 675 831
988 874
989 1
990 0 1 3 6 9 15 33
991 248 499
992 10 23 220 443 506
993 0 1 3 4 5 9 10 11 13 18 21 23 25 36 39 45 49 53 75 81 88 101 109 153 165 179 205 270 309 333 361 543 621 674 725
994 1 5
995
996 0 3 14 31 48 99
997 1 310 623
998 1
999 0 3 6 14 15 31 48 99 150 303
