0 0 4 18
1 16
2 8
3 0
4 20
5 4 46
6 0 6 24 78
7 4 14 116
8 160
9 0 68 210
10 266
11 328
12 0 4 16 18 54 130 396
13 8 40 470
14 4 76 550
15 0 6 68 210 636
16 14 40 728
17 826
18 0 308 930
19 4 146
20 16 58
21 0 4 18 58 180 424
22
23
24 0 6 8 14 30 48 96 150 184 558
25 28 56
26 4 280
27 0 20 28 66 90 710
28 4 44 46 326
29
30 0 880
31 16 146
32
33 0 4 6 14 18 24 48 60 116 150 186 354 456
34
35 4 8 44 74 326 514
36 0
37
38
39 0 16 54 76 234
40 4 674
41 14 290
42 0 4 6 18 60 80 246 578 744
43
44
45 0
46 8 568
47 4 934
48 0
49 4
50 14 16 20 320 388 434
51 0 6 856
52
53
54 0 4 18 46 56 144 174 410
55
56 4 28 40 214 298
57 0 8 30 290 876
58 14 16 28 320 524 586
59 40 238
60 0 6 24 394
61 4
62 104
63 0 4 18 560
64
65
66 0
67 14 784
68 4 8 74 176
69 0 6 16 54 80 168 246 744
70 4
71
72 0
73 20 688
74
75 0 4 14 18 44 48 116 138 326 354 796 984
76
77 4 16 46 130 358 928
78 0 6
79 8
80 68 266
81 0 58 104 180 318
82 4 44 58 326 424
83
84 0 4 14 18 48 56 116 174 354 410
85
86 68 308
87 0 6 24 28 78 90 240 276 726 834
88 16
89 4 28 106 214 760
90 0 8 30 730
91 4
92 14
93 0 76 106 234 324
94
95
96 0 4 6 16 18 20 54 60 66 130 158 168 204 396 434 480
97
98 4
99 0 40 126 224 678
100
101 8 14 160 184
102 0 40 126 238 720
103 4 46 644
104
105 0 4 6 18 60 520
106
107 16
108 0
109 14
110 4
111 0
112 4 8 74 484
113 56 644
114 0 6 24
115 16
116
117 0 4 18
118 14 28 76 524
119 4 20 158 260
120 0 28 90 460
121
122 44 944
123 0 6 8 30 96 454
124 4
125 80 560
126 0 4 14 16 18 46 48 54 116 130 144 320 354 396 830 928 966
127
128
129 0 44 138 350
130
131 4
132 0 6
133 4
134 8 16 206 254
135 0 14 48
136
137
138 0 4 18
139
140 4
141 0 6 24
142 20 40 58 986
143 14 56 58
144 0
145 4 8 16 40 74 130 206 298 470 814
146
147 0 4 18
148
149 28
150 0 6
151 28 68 958
152 4 14 46 80 116 578 830
153 0 16 54
154 4
155
156 0 8 30
157 68
158
159 0 4 6 18 60
160 14
161 4
162 0
163 278 280
164 16 220 358
165 0 20 66
166 4
167 8
168 0 4 6 18 24 60 78 146 186 444 564
169 14 44 104 796
170
171 0 160 176 486 534
172 16 56 76
173 4
174 0
175 4 46
176 44
177 0 6 14 48 150 610
178 8
179
180 0 4 18 28 90 146 214 444 648
181
182 4 28 214 454
183 0 16 54
184
185 40
186 0 6 14 48 150 674
187 4
188 20 40 104 986
189 0 4 8 18 30 74 228 460
190
191 16
192 0
193
194 4 14 116 944
195 0 6 24
196 4
197 76
198 0 106 324 356
199
200 8
201 0 4 18 46 144 820
202 16 56 106
203 4 14 58 116 286 424
204 0 6 58 180 224 546 678
205 314 394
206
207 0
208 4 80 220 578
209 254 506
210 0 4 16 18 54 130 328 396 990
211 8 14 20 28 184 250 338 388 524 710
212 278 476
213 0 6 28 90 276 484
214
215 4
216 0 44 138 988
217 4
218 314 446
219 0
220 14
221 16
222 0 4 6 8 18 24 30 60 68 74 96 186 210 228 294 494 636 690 778
223 44
224 4 46
225 0
226
227
228 0 14 40 48 68 126 210 728
229 4 16 130
230
231 0 4 6 18 40 56 60 126 174 298 384 410 528 900
232 260 610
233 8
234 0 20 66
235 80
236 4
237 0 14 48
238 4
239
240 0 6 16 54 168
241
242 28
243 0 4 18
244 8 28 338 520
245 4 14 116
246 0
247 176
248 16
249 0 6 24 78
250 4 46
251 76
252 0 4 18
253 334 566
254 14
255 0 8 30
256
257 4 20 158
258 0 6
259 4 16 130
260
261 0 56 174
262 14
263 44
264 0 4 18 58 160 180 424 486
265 58
266 4 8 74
267 0 6 16 54 168
268
269 428 500
270 0 44 138
271 4 14 40 116 298 728
272
273 0 4 18 28 46 90 144 214 340 648
274 40
275 28
276 0 6 24 76 104 234 318 708 960
277 8
278 4 16 130
279 0 14 48 266 286 804 864
280 4 20 158
281 356 656
282 0
283
284
285 0 4 6 18 60
286 16
287 4
288 0 8 14 30 48 184 440 558
289
290 56
291 0 80 246
292 4
293 68
294 0 4 6 18 60
295 104
296 14
297 0 16 54
298
299 4 8 46 68 74 340 494 536 778
300 0 238 370 720
301 4
302
303 0 6 20 24 66 204 440 618
304 28
305 14 16 320 860
306 0 4 18 28 90 214 428 648
307 106
308 4
309 0 280 334 846
310 8 44 514 554
311 106
312 0 6
313 4 14 116
314 40
315 0 4 18
316 16
317 40 44 146
318 0 80 246
319
320 4 56 410 740
321 0 6 8 30 96
322 4 14 46 116 370 830
323
324 0 16 54
325 58
326 20 58 224
327 0 4 18
328
329 4 146 308
330 0 6 14 24 48 76 78 150 234 240 456 708
331
332 8
333 0
334 4 160 290
335 16 28 568 586
336 0 4 18
337 28
338
339 0 6 14 48 150
340
341 4
342 0 328 350 990
343 4 8 16 74 130 206 238
344
345 0
346 496 716
347 14
348 0 4 6 18 46 60 144 438 820
349 20 56 266
350 4 176 290
351 0
352
353
354 0 8 16 30 54 206 596 624
355 4 76 550 680
356 14
357 0 4 6 18 24 40 44 60 126 138 186 298 326 384 420 900 984
358
359
360 0 40 126
361
362 4 16 130
363 0
364 4 14 44 68 116 326 494 796
365 8
366 0 6 28 90 276
367
368 28
369 0 4 18
370 68
371 4 46
372 0 20 66
373 14 16 320
374 80
375 0 6
376 4 8 74
377
378 0 4 18
379 56
380
381 0 14 16 48 54 320 446 966
382 260
383 4 104 584 746
384 0 6 24
385 4
386 58
387 0 8 30 58 180 220 666 668
388 650 688
389
390 0 4 14 18 48 116 354
391 254
392 4 16 130
393 0 6
394
395 20
396 0
397 4 28 46 214 308
398 8 14 184
399 0 4 18 28 90 214 648 730
400 16 40 584 814
401 80
402 0 6 104 318 500 960
403 40
404 4 44 326
405 0
406 4
407 14
408 0 56 174
409 8 76 574 866
410
411 0 4 6 16 18 24 44 54 60 78 130 138 168 186 326 396 420 510 564 890 984
412
413 4
414 0
415 14
416 106
417 0
418 4 20 158
419 16
420 0 4 6 8 18 30 46 60 74 96 106 144 228 324 438 536 690 760 978
421
422
423 0
424 14
425 4
426 0 176 534
427 4 160 476
428 28
429 0 6
430 16 28 586 938
431 8 220 224
432 0 4 14 18 48 116 354
433 554
434 4 76 550
435 0 68 210
436
437
438 0 6 16 24 54 56 168 174 358 510 528
439 4
440
441 0 4 14 18 20 48 66 68 116 158 210 354 388 480 494
442 8
443 40
444 0 278 698 840
445 596 988
446 4 40 46 280 298
447 0 6 58 180 546
448 4 58 424
449 14 16 320
450 0
451 44
452
453 0 4 8 18 30 74 228
454
455 4
456 0 6
457 16 80 394
458 14 44 784 796
459 0 28 90
460 4
461 28
462 0 4 18
463
464 8 20 250
465 0 6 24
466 14 146 254
467 4 56 410
468 0 16 54
469 4 46
470 506
471 0
472
473
474 0 4 6 18 60
475 8 14 184
476 4 16 130
477 0
478 146
479
480 0
481 4
482 350
483 0 4 6 14 18 48 60 116 150 354 650
484 80
485
486 0 8 30 40 126 470 496
487 16 20 434
488 4 76 550
489 0 40 126
490 4 28 104 214 746 958
491 698
492 0 6 14 24 28 48 78 90 150 276 286 456 524 834 864
493 278
494
495 0 4 16 18 46 54 130 144 260 396 786 928
496
497 4 8 56 74 160 410 646
498 0 44 138
499
500 14
501 0 6
502 4
503
504 0 4 18
505 44
506 16 68 566
507 0
508 8 58 668
509 4 14 58 104 116 424 746
510 0 6 20 66 204
511 4
512 68
513 0 76 234
514 16
515
516 0 4 18
517 14
518 4 46
519 0 6 8 24 30 96 294
520
521 28
522 0 314 856 948
523 4 28 214
524
525 0 4 16 18 54 106 130 324 358 396 760
526 14 56 824
527
528 0 6
529 40 106 176
530 4 8 74
531 0
532 4 40 298
533 16 20 434
534 0 14 48
535 314
536 826
537 0 4 6 18 60
538
539 4
540 0 80 246
541 8 238 328
542
543 0 14 48
544 4 16 46 130 928 950
545 44
546 0 4 6 18 24 60 186
547
548 266
549 0
550
551 4 14 116
552 0 8 16 28 30 44 54 90 138 206 338 514 586 624 890
553 4 224 574
554 28
555 0 6
556 20 56 680
557 356
558 0 4 18
559 880
560 4 14 116
561 0
562
563 8 16 206
564 0 6
565 4
566 766
567 0 4 18 46 76 80 144 234 246 550 578
568 14 286
569 58
570 0 58 180
571 16
572 4 40 298
573 0 6 24 78 240
574 4 8 74
575 40
576 0
577 14 68 824
578 934
579 0 4 18 20 66 158 480
580 454
581 4
582 0 6 16 54 168
583 28 68 460
584 238
585 0 8 14 28 30 48 56 90 174 184 338 524 558 646
586 4
587
588 0 4 18
589
590 16 160 334
591 0 6
592 44 76 280
593 4 46
594 0 14 48
595 4
596 8
597 0 104 318
598 656
599 44 484
600 0 4 6 18 24 60 186
601 16
602 4 14 20 116 158 388 394
603 0
604
605 176
606 0
607 4 8 74
608
609 0 4 6 16 18 54 60 130 168 396 926
610 220
611 14
612 0
613 716
614 4 28 214
615 0 40 56 126 146 174 444
616 4 28 46 104 214 340 746
617 568
618 0 6 8 30 40 96 126 266 384 470 804
619 14
620 16
621 0 4 18
622
623 4 80 578
624 0
625 20
626 560
627 0 6 24 146 290 444 876
628 4 14 16 116 130 320 520
629 8
630 0 4 18 58 180 424 926
631 58
632
633 0
634 106
635 4
636 0 6 14 48 150
637 4
638 106
639 0 16 44 54 138 454 890
640 8 308 356
641
642 0 4 18 46 144 340
643 290
644 4 56 410
645 0 6 14 28 48 90 150 260 276 524 786
646 44 76 334
647 16 28 586
648 0 20 66 68 210 254 768
649 4
650 80
651 0 4 8 18 30 74 228
652 460
653 14
654 0 6 24 68 78 210 220 636 666
655
656 4
657 0
658 4 16 40 130 224 298 814
659
660 0 160 486
661 40
662 8 14 184
663 0 4 6 18 60
664
665 4 46
666 0 16 54
667 446
668
669 0
670 4 14 116
671 20 76 740
672 0 4 6 18 60
673 8 328 370
674 56
675 0
676 28
677 4 16 130
678 0 28 90
679 4 14 116
680
681 0 6 24
682
683
684 0 4 8 18 30 74 228
685 16
686 4 44 326
687 0 14 48
688 560
689
690 0 6
691 4 46 58 424 476
692 58
693 0 4 18 44 138 326 984
694 20
695 8 350 370
696 0 14 16 48 54 320 966
697
698 4
699 0 6
700 4 428 484
701 40
702 0
703 56
704 14 16 40 104 320 728 814
705 0 4 18
706 8 80 910
707 4 28 214
708 0 6 24 176 308 534 930
709 28
710
711 0
712 4
713 14
714 0 4 18 46 144
715 16
716 766
717 0 6 8 20 30 66 96 204 250 674 756
718 506
719 4 68 494
720 0
721 4 14 116
722
723 0 16 54 104 254 318 768
724
725 68 76 278
726 0 4 6 18 60
727 950
728 4 8 74
729 0 280 846
730 14
731 440
732 0
733 4 44 56 80 326 410 578
734 16
735 0 4 6 18 24 60 78 186 564
736
737 428
738 0 14 28 48 90 524
739 8
740 4 20 28 44 46 158 214 326 710
741 0
742 4 16 130
743 106
744 0 6 40 126 384
745 916
746 440
747 0 4 14 18 40 48 106 116 126 298 324 354 728 760 900
748
749 4
750 0 8 30 76 234 644 866
751
752 58
753 0 6 16 54 58 160 168 180 486 546
754 4
755 14
756 0 4 18
757
758 260
759 0
760 644
761 4 8 16 74 130 206
762 0 6 24 56 174 528
763 4 20 46 158
764 14 146 688
765 0
766
767 520
768 0 4 18
769 28
770 4
771 0 6 28 90 276
772 8 14 16 184 206 320 500
773
774 0 278 840
775 4
776 146
777 0 4 18
778
779
780 0 6 16 44 54 138 168 224 420 678 890
781 14 286
782 4 238
783 0 8 30
784 4 176
785
786 0 20 66
787 40 44 916
788
789 0 4 6 14 18 24 46 48 60 80 116 144 150 186 246 354 438 456 578 744 830
790 40 68 610
791 4 16 130
792 0 56 174
793
794 8
795 0
796 4 68 494
797
798 0 4 6 14 18 48 60 116 150 354
799 16 358
800 28
801 0
802 28
803 4
804 0 76 234
805 4 8 74
806 14
807 0 6
808
809 20
810 0 4 16 18 54 130 396
811 104
812 4 46
813 0 58 180
814 58
815 14
816 0 6 8 24 30 78 80 96 240 246 294 726 744 888 910
817 4 266
818 16
819 0 4 18
820
821 56
822 0 566
823 14 160 730
824 4
825 0 6 238 720 938
826 4
827 8 44 514
828 0
829 16 76
830 40 104 446
831 0 4 18 28 90 214 648
832 14 20 388
833 4 28 40 214 220 298
834 0 6 44 138 420
835 350
836
837 0 16 54
838 4 8 46 74 536
839 314
840 0 4 14 18 48 116 354
841
842
843 0 6 24
844
845 4 496 610
846 0 826 860
847 4
848 16
849 0 8 14 30 48 184 558
850
851 56
852 0 4 6 18 60 106 314 324 760 948 978
853
854 4 394 784
855 0 20 66
856 16 106
857 14 286
858 0
859 4
860 8
861 0 4 6 18 46 60 68 144 210 438 494 636
862 28
863 674
864 0 28 90
865
866 4 14 116
867 0 16 54 68 210 554
868 4
869
870 0 6 24
871 8
872 80 328
873 0 4 18 40 126 298 900
874 14 44 58 796
875 4 16 58 130 280 424
876 0 40 126
877 220
878 20
879 0 6
880 4 56 410
881 44
882 0 4 8 18 30 74 228
883 14 76
884
885 0 224 678
886 16 358
887 4 46 176 266
888 0 6
889 4
890
891 0 14 48
892
893 8 28 338
894 0 4 16 18 54 130 396
895 28
896 4
897 0 6 24 78
898
899 80
900 0 14 48
901 4 20 158
902
903 0 4 18
904 8
905 16 254 500
906 0 6 476 568
907
908 4 14 76 116 260 550
909 0
910 4 46 56 410 856
911
912 0
913 16 146 880
914
915 0 4 6 8 18 30 60 74 96 228 690
916 40 160 356
917 4 14 116
918 0 104 318
919 40
920 290
921 0 44 138
922 4
923
924 0 4 6 16 18 20 24 28 54 60 66 90 130 158 168 186 204 214 276 396 434 480 510 586 618 648 710 834
925 14 146
926 8 28 338
927 0 334
928 44
929 4
930 0
931 4
932 16 68
933 0 6
934 14
935 58
936 0 4 18 46 58 144 180 290 424 876
937 8 104
938 4 68 494
939 0 56 174
940 656
941
942 0 6 14 48 150
943 4 16 130
944
945 0 4 18
946
947 20
948 0 8 30
949
950 4
951 0 6 14 16 24 48 54 150 168 308 320 456 510 930 966
952 4
953 596
954 0
955 28 80
956
957 0 4 18 28 90 214 648
958
959 4 8 14 40 46 74 116 184 298 340 470 536 728 830
960 0 6
961 106
962 16 40 76 814
963 0 176 534
964 4
965 106
966 0 4 18
967
968 14 44 796
969 0 6 56 174 528
970 8 16 20 206 250 434 584
971 4
972 0
973 4
974
975 0 44 138
976 14
977
978 0 4 6 18 24 60 78 186 564
979 506
980 4 254
981 0 8 16 30 54 206 624
982 80
983 334
984 0 934
985 4 14 46 116 340 496 830
986 28 160 574
987 0 4 6 18 60 76 234 550 584 708
988 28
989 16
990 0 554
991
992 4 8 74
993 0 14 20 48 66 388
994 4
995
996 0 6 58 180 546
997 58
998 56
999 0 4 18 356 394
