0 0 6 24
1 2 22
2 14
3 0
4 14
5 40
6 0 2 12 22 72
7 110
8 154
9 0 6 20 66 204
10 260
11 2 10 22 62 322
12 0 128 390
13 464
14 544
15 0 208 630
16 2 22 26 142 722
17 820
18 0 6 100 306 924
19 14 58
20
21 0 2 12 14 22 48 72 82 252 422
22 20 58
23 26 50
24 0 10 36 40 126 556
25
26 2 22 76 392
27 0 6 24 76 234 708
28
29
30 0 878
31 2 22 110 562
32 20 128
33 0
34
35
36 0 2 6 12 14 22 42 48 72 82 150 222 252 422 762
37 10 308
38 14 248
39 0
40
41 2 22 196 992
42 0
43
44
45 0 6 20 26 66 84 204 258 664
46 2 22 248
47
48 0 40 50 126 156
49
50 10 568
51 0 2 12 22 72 100 306 512
52 26 274
53 14 488
54 0 6 24 78 104 318 960
55 14 20 388 526
56 2 22 370
57 0
58
59
60 0
61 2 22 440
62
63 0 6 10 36 98 114 300 906
64
65
66 0 2 12 22 72 170 516 862
67 40 308
68 20 596
69 0
70 14 856
71 2 22 598
72 0 6 14 48 98 150 300 906
73
74 26 560
75 0
76 2 10 22 50 62 262 322 686
77
78 0 20 66 260 786
79
80 58 310
81 0 2 6 12 22 24 26 42 72 84 132 142 222 258 432 672 722 780
82
83 58 334
84 0
85
86 2 22 880
87 0 14 48 440
88
89 10 14 104 218
90 0 6
91 2 20 22 40 112 212 572 986
92 124 196
93 0
94
95
96 0 2 12 22 72 364
97 154 176
98
99 0 6
100
101 2 20 22 50 112 262 572
102 0 10 36 794
103 26
104 14
105 0 76 136 234 414
106 2 14 22 76 82 392 422
107
108 0 6 24
109
110 26 40 838
111 0 2 12 22 72 488
112
113
114 0 20 66 560
115 10
116 2 22
117 0 6
118
119
120 0 110 124 336 378
121 2 14 22 82 100 422 512
122 188 230
123 0 14 48 884
124 20
125
126 0 2 6 12 22 42 72 208 222 630
127 136 344
128 10
129 0 50 156 310 936
130
131 2 22
132 0 26 84 596
133 188 274
134 40
135 0 6 24 78 670
136 2 22
137 20
138 0 14 48
139 26
140 14
141 0 2 10 12 22 36 58 62 72 180 192 302 322 790 912 972
142 176 334
143 128 464
144 0 6 58 110 180 336 546
145
146 2 22
147 0 20 66 934
148
149 178 364
150 0
151 2 22
152 254 266
153 0 6 40 126 178 384 540
154 10 50 100 686
155 14
156 0 2 12 22 72 968
157 14
158
159 0
160 20
161 2 22 26 104 142 532 722
162 0 6 24
163 128 604
164 98 794
165 0 154 170 468 516
166 2 22
167 10
168 0 26 84 968
169
170 20
171 0 2 6 12 22 42 72 222 386
172 14
173 98 884
174 0 14 48
175
176 2 22
177 0 40 126 724
178
179
180 0 6 10 36 114 826
181 2 22
182 50
183 0 20 66
184 76
185 76
186 0 2 12 22 72
187
188
189 0 6 14 24 48 150 230 456 696
190 26
191 2 14 22 82 254 422
192 0
193 10 20 296 370
194
195 0
196 2 22 40 104 212 532
197 26
198 0 6
199 280 416
200
201 0 2 12 22 72
202 58
203
204 0
205 58
206 2 10 14 20 22 62 82 112 218 296 322 388 422 572
207 0 6 50 156 266 474 804
208 14
209
210 0
211 2 22
212
213 0
214
215
216 0 2 6 12 20 22 24 42 66 72 78 112 132 204 222 240 342 402 572 618 672
217
218
219 0 10 26 36 84 124 374 378
220 40
221 2 22
222 0
223 14
224 100
225 0 6 14 48 150 988
226 2 22 26 142 208 722
227
228 0
229 20
230
231 0 2 12 22 72
232 10
233 110
234 0 6
235 50
236 2 22
237 0
238
239 20 40 170 986
240 0 14 48 196 286 594 864
241 2 22
242 14 286 604
243 0 6 24
244 136
245 10
246 0 2 12 22 72
247 124
248 26
249 0
250
251 2 22
252 0 6 20 66 204 916
253
254 154
255 0 26 84
256 2 22
257 14 100 110
258 0 10 36
259 14
260 50
261 0 2 6 12 22 42 72 222 904
262 20
263 40 58 76
264 0 76 234 878
265 98
266 2 22 58 136 302 692
267 0
268 104
269
270 0 6 24
271 2 10 22 62 322 674
272
273 0 260 280 786 846
274 14 98 128
275 20
276 0 2 12 14 22 48 72 82 176 252 422 534 892
277 26
278
279 0 6
280
281 2 22
282 0 40 126
283
284 10 26 374 638
285 0 20 66
286 2 22
287
288 0 6 50 156 474 518
289 248 994
290
291 0 2 12 14 22 48 72 82 196 252 422 594 992
292
293 14
294 0 128 390 656
295
296 2 22
297 0 6 10 24 36 78 114 248 348 750
298 20 500 526
299
300 0
301 2 22
302
303 0 104 318 854
304
305
306 0 2 6 12 22 26 40 42 72 84 126 142 212 222 258 384 432 642 722
307
308 14 20 388 724
309 0
310 10 14 218
311 2 22
312 0
313 26 50 188
314 436 670
315 0 6
316 2 22
317
318 0
319
320
321 0 2 12 20 22 66 72 112 176 342 534 572 892
322 154
323 10
324 0 6 24 58 180 188 546 570
325 14 40 430 728
326 2 22
327 0 14 48 58 100 180 306
328
329 274
330 0 178 540 598
331 2 20 22 112 568 572
332
333 0 6
334 178
335 26
336 0 2 10 12 22 36 62 72 192 322 344 972
337 208
338 170
339 0
340
341 2 22 50 260 262
342 0 6 14 26 48 76 84 150 234 258 490 708
343 76
344 14 20 388 904
345 0
346 2 22 110 124 562 632
347
348 0 308 386 930
349 10 40 556 650
350
351 0 2 6 12 22 24 42 72 132 222 544 672
352
353
354 0 20 66
355 230
356 2 22
357 0
358
359 14
360 0 6 100 306 416 924
361 2 14 22 82 422 916
362 10
363 0
364 26
365
366 0 2 12 22 50 72 98 156 262 300 502 792
367 20
368 40
369 0 6
370 110
371 2 22 26 142 566 722
372 0
373 500 826
374 124
375 0 10 36 98 104 300 318
376 2 14 22 82 422 994
377 20
378 0 6 14 24 48 78 150 308 456 930
379
380
381 0 2 12 22 72
382
383 136
384 0
385 58
386 2 22
387 0 6
388 10 58 566 790
389 644 698
390 0 20 66
391 2 22
392 40
393 0 14 26 48 84 310 490 936
394 50
395 14
396 0 2 6 12 22 42 72 222
397 430
398
399 0
400 20 26 664 716
401 2 10 22 62 322
402 0
403
404
405 0 6 24 128 136 390 414
406 2 22
407 518 950
408 0
409 254
410 14 104 274
411 0 2 12 22 40 72 126 154 212 468 642 782
412 14 170
413 20
414 0 6 10 36 114
415
416 2 22
417 0
418 436
419 50
420 0 334 520
421 2 22 76 266 392
422 26 76 230
423 0 6 20 66 204
424
425 128
426 0 2 12 22 72
427 10 14 218
428
429 0 14 26 48 84 370 490
430 100
431 2 22
432 0 6 24
433
434
435 0 40 126
436 2 20 22 112 572 988
437 208
438 0
439 196
440 10
441 0 2 6 12 22 42 72 222
442 310
443
444 0 14 48
445
446 2 14 20 22 58 82 112 302 388 422 572
447 0 50 156
448 254
449 58
450 0 6
451 2 22 26 142 722 838
452 520
453 0 10 36
454 40
455 176
456 0 2 12 22 72
457
458 26
459 0 6 20 24 66 78 110 204 240 336 618
460
461 2 14 22 82 422
462 0
463 14 100 364
464
465 0
466 2 10 22 62 322
467 98
468 0 6
469 20
470
471 0 2 12 22 72
472 50
473 124
474 0 344 644
475
476 2 22 98 266 502
477 0 6
478 14 40 728 934
479 10 154 334
480 0 14 26 48 84 464 490
481 2 22
482 20 104 280
483 0 110 336
484
485
486 0 2 6 12 22 24 42 72 132 222 672
487 26
488
489 0
490 196
491 2 22
492 0 10 20 36 66 296 806 894
493
494
495 0 6 14 48 150
496 2 22
497 14 40 728
498 0
499
500 50 76 176
501 0 2 12 22 72 76 124 234 378 392 632
502
503 856 880
504 0 6 188 440 570
505 10 20 296
506 2 22
507 0 58 180
508
509 26
510 0 58 180
511 2 22 170 178 862 902
512 14
513 0 6 24
514 14
515 20 178 188
516 0 2 12 22 26 72 84 142 364 432 722
517 104
518 10
519 0
520
521 2 22 40 212 754
522 0 6 136 414 650
523
524
525 0 50 156
526 2 22
527
528 0 20 66
529 14 286
530 440
531 0 2 6 10 12 14 22 36 42 48 62 72 82 114 150 192 218 222 252 286 322 422 582 660 762 864 972
532 820
533 100
534 0
535
536 2 22 128 260 652
537 0
538 20 26 664
539
540 0 6 24 40 78 126 248 384 750
541 2 22
542
543 0
544 10 136 488
545 26
546 0 2 12 14 22 48 72 82 252 422 698
547
548 14 208 248
549 0 6
550
551 2 20 22 112 572
552 0
553 50
554
555 0
556 2 22 128 280 652
557 10
558 0 6
559 716
560 386
561 0 2 12 20 22 66 72 112 342 544 572
562
563 14
564 0 40 126
565 14
566 2 22 100 370 512
567 0 6 24 26 84 258 780
568 58 98 154
569
570 0 10 36
571 2 22 58 302 638
572 110
573 0
574 20 26 664
575
576 0 2 6 12 22 42 72 222
577 98
578 50
579 0 76 234
580 14 76 748
581 2 22
582 0 14 48
583 10 40 556
584 20 526
585 0 6 170 516 656
586 2 22
587 806
588 0 230 696
589 104
590
591 0 2 12 22 72
592
593
594 0 6 24
595
596 2 10 22 26 62 110 142 322 374 562 722
597 0 14 20 48 66 388 908
598
599 14
600 0 124 378
601 2 22
602 488
603 0 6 26 84 258
604 260
605
606 0 2 12 22 50 72 156 262 274 792 828
607 20 40 986
608
609 0 10 36
610 464
611 2 22
612 0 6
613
614 14
615 0
616 2 14 22 82 422
617
618 0 416 908
619
620 20
621 0 2 6 12 22 24 42 72 78 132 222 402 568 672
622 10
623
624 0 104 318
625 26
626 2 22 40 212
627 0
628 124
629 58
630 0 6 20 66 204
631 2 14 22 50 82 262 422 898
632 26 58 674
633 0 14 48
634 176
635 10
636 0 2 12 22 72 100 154 306 468 512 782
637 560
638 196
639 0 6
640
641 2 22
642 0
643 20
644
645 0
646 2 22
647
648 0 6 10 14 24 36 48 114 150 208 218 348 456 630 660
649
650 14 40 728
651 0 2 12 22 72
652
653 20
654 0 26 84
655 230
656 2 22
657 0 6
658 76
659 50 76 308
660 0
661 2 10 22 26 62 136 142 322 374 692 722
662
663 0
664
665 14
666 0 2 6 12 20 22 42 66 72 112 204 222 254 342 572 768
667 14 128 596
668
669 0 40 98 100 126 300 306
670
671 2 22
672 0 598 748
673
674 10
675 0 6 24
676 2 20 22 112 572
677 560
678 0 98 300
679 176
680
681 0 2 12 22 72
682 14
683 26 136 344
684 0 6 14 48 50 150 156 170 474 516 898
685 110
686 2 22
687 0 10 36 128 274 390 828
688
689 20 196 308
690 0 26 58 84 180 266 804
691 2 22
692 178
693 0 6 40 58 126 180 384 546
694
695 188
696 0 2 12 22 72 104 178 318 532 540 902
697
698
699 0 14 20 48 66 388
700 10
701 2 14 22 82 422
702 0 6 24 78 240 726
703
704
705 0 254 768
706 2 22 188 310 952
707
708 0
709 110
710
711 0 2 6 12 22 42 72 222
712 20 26 40 50 664 986
713 10
714 0
715
716 2 14 22 82 422
717 0
718 14
719 26
720 0 6
721 2 22
722 20
723 0
724
725 154
726 0 2 10 12 22 36 62 72 192 322 972
727 124
728
729 0 6 24
730
731 2 22 104 532 596
732 0
733 14
734
735 0 14 20 48 66 388
736 2 22 40 212
737 50 76 386
738 0 6 76 234 708
739 10 100
740
741 0 2 12 22 26 72 84 142 432 722 754
742
743
744 0
745 20 266
746 2 22
747 0 6
748 26
749
750 0 14 48
751 2 22 58 302
752 10 14 218
753 0 436
754 58
755 40 124 310
756 0 2 6 12 22 24 42 72 132 222 672
757 334
758 20 170 430
759 0 208 630
760
761 2 22
762 0
763
764
765 0 6 10 36 50 114 156 280 474 686 846
766 2 22
767 14
768 0 20 66
769 14
770 26 98 604
771 0 2 12 22 72
772 100
773
774 0 6
775
776 2 22
777 0 26 84
778 10
779 40 98 416
780 0
781 2 20 22 112 572
782
783 0 6 24 78
784 14
785
786 0 2 12 14 22 48 72 82 252 422
787
788
789 0
790 50
791 2 10 20 22 62 112 248 296 322 572
792 0 6
793 154
794
795 0
796 2 22
797
798 0 40 110 126 128 336 390
799 26 248 260
800 136
801 0 2 6 12 14 22 42 48 72 82 150 222 252 422 500 762
802 370
803 14 104
804 0 10 20 36 66 296 894
805
806 2 22 26 142 722
807 0
808 670
809 518
810 0 6 24
811 2 22
812 58
813 0 176 534
814 20
815 58
816 0 2 12 22 72 76 234 334 392
817 10 76
818 14 50 128 286 898
819 0 6
820 14 286
821 2 22 230 344
822 0 40 110 126 136 336 414
823
824
825 0
826 2 22
827 20 526
828 0 6 26 84 258
829
830 10 364 430
831 0 2 12 22 72
832
833
834 0
835 14 26 490
836 2 22
837 0 6 14 20 24 48 66 150 196 204 388 456 594 618
838 104
839 280
840 0 820 854
841 2 22 40 212
842 100
843 0 10 36 50 156 686
844
845
846 0 2 6 12 22 42 72 222
847
848
849 0 604
850 20
851 2 22
852 0 14 48
853
854 14 124
855 0 6
856 2 10 22 62 322
857 26 170 436
858 0 176 534
859 208
860 20
861 0 2 12 22 72
862
863
864 0 6 24 26 78 84 258 780 950
865 40
866 2 22
867 0 260 786
868
869 10 14 218
870 0
871 2 14 22 50 82 98 262 422 502 898
872
873 0 6 20 58 66 178 180 204 540 546
874
875 100
876 0 2 12 22 58 72 180 302 500 912
877 178
878
879 0
880 98
881 2 22
882 0 6 10 36 114 124 154 378 468
883 20 274 364
884 40
885 0
886 2 14 22 26 82 142 188 422 490 722 952
887
888 0 14 48 196 230 594 696
889
890
891 0 2 6 12 22 24 42 72 132 222 672
892
893 26
894 0
895 10 76
896 2 20 22 50 76 112 262 392 572
897 0 188 570
898 544
899 794
900 0 6
901 2 22
902 568
903 0 14 48
904 724
905 14
906 0 2 12 20 22 66 72 112 342 572
907
908 10 40 556
909 0 6
910 104
911 2 22 110 562 878
912 0
913
914
915 0 26 84
916 2 22
917
918 0 6 24
919 20
920 14
921 0 2 10 12 22 36 62 72 192 322 972
922 14 26 490
923 254
924 0 50 156
925 638
926 2 22
927 0 6 40 126 384
928 518
929 20 128 856
930 0
931 2 22 170 598 862
932
933 0
934 10 58 790
935 110
936 0 2 6 12 22 42 72 222
937 14 58
938
939 0 14 48 136 370 414
940 566
941 2 22
942 0 20 66
943 520
944 26
945 0 6 24 78 100 104 240 306 318 924 960
946 2 22
947 10 440 464
948 0 674
949 50 128 386
950 154
951 0 2 12 22 26 40 72 84 126 142 212 432 642 722 838
952 20
953 656
954 0 6 14 48 150
955
956 2 14 22 82 422
957 0 566
958
959 266
960 0 10 36
961 2 22 136 692 794
962 254
963 0 6
964 274
965 20
966 0 2 12 22 72
967
968
969 0 880
970 40 208 308
971 2 14 22 82 422
972 0 6 24 98 300 906
973 10 14 26 218 374 440 490
974 76
975 0 20 66 76 234 520
976 2 22
977 50
978 0 100 306
979
980 26
981 0 2 6 12 22 42 72 98 124 222 300 378 502 632 906
982
983
984 0
985
986 2 10 22 62 322
987 0 670
988 14 20 388
989
990 0 6 14 48 150
991 2 22
992 176
993 0
994 40
995 58
996 0 2 12 22 72
997
998 20 58
999 0 6 10 24 36 114 348
