0 2 22
1 20
2 0 2 12
3
4 16
5 0 2 6 12 42
6 4 8 74
7 2 20 112
8 0 50 156
9 8 16 206
10 2 50 262
11 0 106 324
12 2 76 392
13 4 64 466
14 0 6 58 180 546
15 2 124 632
16 724
17 0 2 8 12 22 30 52 72 162 272 822
18 926
19
20 0 2 4 8 12 18 30 32 52 74 102 162 228 382
21
22 2 278
23 0 6 16 24 54 78 168 510
24 20 70
25 2 22 70 362
26 0 656
27 2 4 32 58 302 424
28 8 16 118 206
29 0 820
30 2 20 112 526
31 8 254
32 0 2 6 12 42 64 198 332 600
33
34 4 484
35 0 2 12 238 720
36 40 86
37 2 806
38 0
39 8 406
40 2 944
41 0 4 6 18 60 76 234 550 708
42 2 8 16 22 52 92 206 272 472
43
44 0
45 2
46
47 0 2 12 16 20 54 66 92 112 282 342 434
48 4 974
49
50 0 2 6 8 12 22 24 30 42 52 72 96 132 162 222 272 294 492 672 822
51
52 2
53 0 8 20 30 66 118 250 360 756
54
55 2 4 32 254
56 0
57 2
58
59 0 6
60 2
61 8 16 50 206 580
62 0 2 4 12 18 32 102 106 324 542 760
63 50 220
64 8
65 0 2 12 836
66 16 680
67 2 22 104 122 532
68 0 6
69 4
70 2 20 112 124 632
71 0
72 2 8 52 278
73
74 0
75 2 8 22 52 58 272 302 668
76 4 20 104 158 746
77 0 2 6 12 24 42 128 132 390 652
78
79 40 430
80 0 2 12 16 54 64 92 198 282 332
81
82 2
83 0 4 8 18 30 74 86 228 264 620 976
84
85 2 16 92 224
86 0 6 8 30 96 220 666
87 2
88 58 376
89 0
90 2 4 32 688
91 76 310
92 0 2 12 22 72 334
93 20
94 8
95 0 2 6 12 42 596
96
97 2 4 8 32 52 70 74 362 382 508 800
98 0 70 128 216 390
99 16 20 64 434
100 2 22 122 236
101 0
102 2
103
104 0 4 6 16 18 24 54 60 78 130 168 186 240 396 510 564
105 2 8 52 596
106
107 0 2 12
108 8
109
110 0 2 12
111 4
112 2
113 0 6
114 50 730
115 2
116 0 8 20 30 50 66 156 250 580 756
117 2 22
118 4 16 130 310
119 0 8 30
120 2 76 106 392 542
121
122 0 2 6 12 20 40 42 66 112 126 204 212 342 384 642 986
123 16
124
125 0 2 4 12 18 22 32 72 86 102 172 264 442 522 620
126 194 238
127 2 8 52 874
128 0
129 154 314
130 2 8 52 916
131 0 6 24
132 2 4 32
133 154 334
134 0
135 2
136 58 904
137 0 2 12 16 54 92 194 282 588 982
138 8
139 4 20 158 356
140 0 2 6 12 42
141 8
142 2 16 22 92 124 472 632
143 0
144
145 2 20 112 544
146 0 4 18
147 2 64 190 332 962
148
149 0 6 8 30 58 96 118 180 360 546 668
150 2 22
151
152 0 2 8 12 30 52 162 416
153 4
154
155 0 2 12
156 16
157 2
158 0 6 24
159
160 2 4 8 32 52 74 196 382 992
161 0 16 54
162 2 20 112 680
163 8
164 0
165 2 40 212 376
166 64
167 0 2 4 6 12 18 22 32 42 50 60 72 102 156 172 222 262 312 368 474 522 792
168 20
169 50
170 0 2 12 70 76 216 234 362 392
171 8 70 106 800
172 2 86 196 442 992
173 0
174 4 8 74 104 118 746 844
175 2 16 22 92 190 472 962
176 0 6
177 2
178
179 0
180 2 16 92
181 4
182 0 2 8 12 30 52 162 598
183 104 934
184
185 0 2 6 8 12 20 24 30 42 52 66 78 96 112 132 162 204 250 294 342 402 492 618 756 888
186
187 2
188 0 4 18
189
190 2
191 0 20 66
192 2 22 122 880
193 8
194 0 6 16 54 168 656
195 2 4 32
196 8
197 0 2 12 58 124 180 302 378 632 912
198
199 16 76
200 0 2 12 22 72
201
202 2 4 32
203 0 6
204 8
205 2
206 0
207 2 8 52
208 20 40 128 986
209 0 4 18
210 2 58 302 430
211
212 0 2 6 12 24 42 132 994
213 16
214 20 64 86
215 0 2 8 12 30 52 162 836
216 4
217 2 22
218 0 8 16 30 54 206 224 624 678
219 236 598
220 2 50 262 544
221 0 6
222 2 50 262 554
223 4
224 0
225 2 22 122
226 8
227 0 2 12
228
229 8 106 128
230 0 2 4 6 12 18 32 42 60 102 312 500
231 20
232 2 16 92
233 0 64 198 806
234 398 406
235 2
236 0
237 2 4 8 16 20 32 52 74 92 112 130 158 206 250 382 434 662 802
238 380 440
239 0 6 24
240 2 8 52
241
242 0 2 12 22 72
243 70
244 4 70 346 508
245 0 2 12
246
247 2
248 0 6 8 30 96
249 76
250 2 22
251 0 4 8 16 18 30 40 54 74 126 130 206 228 298 396 470 624 814 900
252 2
253
254 0 20 66
255 2
256 16
257 0 2 6 12 42
258 4 58 424 464
259 8
260 0 2 12 20 66 112 342 584
261 86
262 2 8 52
263 0
264
265 2 4 32
266 0 6 24 78
267 2 22
268
269 0 124 378 566
270 2 8 16 52 92 118 206 358 602
271 58
272 0 2 4 12 18 32 102
273 8 50 380 580
274
275 0 2 6 12 16 22 42 50 54 72 92 156 168 222 262 282 472 474 792 852
276 238 944
277 2 20 112
278 0 76 234 974
279 4
280 2 106 428 542
281 0 8 30 64 104 198 318 734
282 2
283 20
284 0 6 8 30 96
285 2
286 4 154 220
287 0 2 12
288 254 964
289 16
290 0 2 12 104 154 318 468 532 782
291 484 518
292 2 8 22 52 272 926
293 0 4 6 18 24 60 186
294 16 40 314 814
295 2 8 52 118 428 602
296 0
297 2
298
299 0
300 2 4 20 22 32 64 112 158 172 332 466 572 802
301 398 674
302 0 2 6 12 42
303 8 86 278 976
304
305 0 2 12
306 8 20 250
307 2 4 32
308 0 16 54
309 220
310 2
311 0 6
312 2 224 254
313 16
314 0 4 8 18 30 74 228
315 2
316 70
317 0 2 8 12 22 30 52 70 72 122 162 216 272 362 372 800 822
318
319 58
320 0 2 6 12 24 42 132
321 4
322 2
323 0 20 66 194 526 588
324 124
325 2 8 22 52 272
326 0 50 156
327 2 16 92
328 4 8 50 74 76 368 550 580 866
329 0 6 20 66 204
330 2
331
332 0 2 12 16 54 58 92 180 282 302 358 912
333
334 194
335 0 2 4 12 18 32 102
336 8
337 2 40 212
338 0 6 106 324 346 978
339 8 128 236
340 2 190 356 962
341 0
342 2 4 22 32 172
343
344 0
345 2
346 16 20 434 818
347 0 2 6 8 12 24 30 42 52 78 96 132 162 240 294 402 492 726 888
348 64
349 4
350 0 2 8 12 22 30 52 72 86 122 162 264 272 372 442 822 976
351 16
352 2 20 112
353 0 278 440 840
354
355 2
356 0 4 6 18 60
357 2 76 392 964
358 8
359 0 196 594 644
360 2 128 590 652
361 8
362 0 2 12
363 4
364
365 0 2 6 12 16 42 54 92 168 282 464 852
366
367 2 22 64 238 332
368 0 190 576 698
369 8 20 250
370 2 4 16 32 92 130 614 662
371 0 196 594 688
372 2 8 52
373
374 0 6 24
375 2 20 22 112 572 730
376
377 0 2 4 12 18 32 102
378
379 50
380 0 2 8 12 30 40 52 58 126 162 180 212 302 470 642 668 912
381 50
382 2
383 0 6 8 30 96
384 4 16 130
385 2
386 0
387 2
388 104
389 0 16 54 70 106 216 324
390 2 70 362
391 4 8 74 118 538 844
392 0 2 6 12 20 22 42 66 72 86 112 204 222 264 342 442 572 798
393 58
394 8
395 0 2 12
396 124
397 2 104 532 880
398 0 4 18 20 66 158 480 980
399 574 824
400 2 22
401 0 6 24
402 2 8 52
403 16
404 0 310 518 936
405 2 4 8 32 52 74 382
406
407 0 2 12 76 234 392 416
408 16
409
410 0 2 6 12 42
411
412 2 4 32
413 0 8 30
414
415 2 20 64 112 332
416 0 8 30 118 360
417 2 22
418
419 0 4 6 18 60
420 2
421 20
422 0 2 12 16 54 92 282
423 40
424 8
425 0 2 12 22 72
426 4
427 2 8 16 52 92 206 520
428 0 6 24 78
429 334
430 2
431 0 310 590 936
432 2 50 262
433 4
434 0 50 64 156 198
435 2 8 52
436 76
437 0 2 6 12 42
438 8 20 250
439 86
440 0 2 4 12 18 32 102
441 16 58 500
442 2 22 122 622 934
443 0 154 468
444 20
445 2 224 520
446 0 6 8 16 30 54 96 168 206 314 624 948
447 2 4 32 106 154 542 760 782
448 406
449 0 8 30
450 2 22
451 124
452 0 2 12
453 614 994
454 4 58 424
455 0 2 6 12 24 42 132
456
457 2 8 52
458 0 236 714 874
459
460 2 8 16 52 92 206 604
461 0 4 18 20 66 158 480
462 2 70 362
463 70
464 0 6
465 2 16 92
466 40
467 0 2 12 20 22 66 72 112 342 376 572
468 4 8 74
469 724 904
470 0 2 12 128 334 390 652
471 8
472 2
473 0 6
474
475 2 4 22 32 122 172 770 872
476 0
477 2
478
479 0 8 16 30 54 206 624
480 2
481 86
482 0 2 4 6 8 12 18 24 30 32 42 52 60 64 74 96 102 132 162 186 198 228 294 312 332 382 466 492 600 690 734 942
483 758 916
484 16 20 434
485 0 2 12 50 156 262 792 884
486 76
487 2 50 262
488 0
489 4
490 2 8 20 52 112 250 566
491 0 6 128 390 610
492 2 22
493 8
494 0
495 2 104 532
496 4
497 0 2 12
498 16 106 356
499
500 0 2 6 12 22 42 72 222
501 8 64 734
502 2 58 302
503 0 4 16 18 54 130 396
504 8 104 644
505 2
506 0
507 2 20 112
508
509 0 6 24 40 78 126 220 384 666
510 2 4 32
511 538
512 0 2 8 12 30 52 118 162 360 430 602
513 20
514
515 0 2 8 12 30 52 58 76 162 180 234 302 392 668 866 912
516
517 2 4 16 22 32 92 130 172 238 472 662
518 0 6
519
520 2 194 820 982
521 0 484 554
522 2 16 92
523 8 124 584
524 0 4 18
525 2 22
526 8
527 0 2 6 12 42
528 86
529
530 0 2 12 20 66 112 342
531 4 194 610
532 2 220 758
533 0 190 576
534 8
535 2 70 362
536 0 6 16 20 24 54 66 70 168 204 216 434 510 618 654
537 2 8 52 118 602
538 4 50 368
539 0 224 678
540 2 50 262
541 16
542 0 2 12 22 72
543
544 376
545 0 2 4 6 8 12 18 30 32 42 52 60 74 96 102 162 228 254 312 382 492 690 768
546
547 2
548 0 8 30
549 64
550 2 22
551 0
552 2 4 32 40 212 298 604
553 20
554 0 6
555 2 16 92
556 8 106 770
557 0 2 12
558 196
559 4 8 20 74 158 250 526
560 0 2 12 16 54 92 282
561 190
562 2
563 0 6 24 58 180 546 574
564
565 2 76 392
566 0 4 18
567 2 8 22 52 122 272 698
568 64
569 0 254 768
570 2 8 52 86 196 442 976 992
571 416
572 0 2 6 12 42
573 4
574 16
575 0 2 12 22 72
576 20 58 706
577 2
578 0 8 30 124 236 378 714
579 16
580 2 4 32
581 0 6 8 30 96
582 2 20 112
583
584 0 278 840
585 2
586
587 0 2 4 12 18 32 102
588
589 8
590 0 2 6 12 24 42 78 132 240 402 856
591 50
592 2 8 22 52 272
593 0 16 50 54 156 346
594 4 76 550
595 2 40 212
596 0
597 2
598 16
599 0 6 20 66 204
600 2 8 22 52 122 154 272 622 782
601 4 128 914
602 0 2 12 104 318 532 674
603 8
604 154
605 0 2 12 20 66 112 342
606 706
607 2 106 542
608 0 4 6 18 60 70 216 238 508 654 720
609 70
610 2
611 0 8 30 104 314 318 948
612 2 16 92
613
614 0 8 30
615 2 4 32
616 64
617 0 2 6 12 16 22 24 42 54 72 86 92 132 168 222 264 282 442 472 510 672 798 852
618
619
620 0 2 12
621 380
622 2 4 8 20 32 52 74 112 128 158 250 382 652 802 914
623 0
624 58
625 2 8 22 52 272
626 0 6
627 2
628 20
629 0 4 18
630 2
631 16 358
632 0 2 12
633 8 118
634 278
635 0 2 6 12 42 64 198 332 398 600
636 4 8 16 74 130 206 826
637 2 58 302
638 0 40 126
639
640 2
641 0
642 2 22
643 4 406 430
644 0 6 8 24 30 50 76 96 156 234 294 474 580 708 866
645 2 20 112
646 50
647 0 2 8 12 30 52 162
648
649
650 0 2 4 12 16 18 22 32 54 72 92 102 124 130 172 282 378 396 472 522 632 662 886
651 20
652 2
653 0 6
654
655 2 8 16 52 92 206
656 0 380
657 2 4 32
658 8 118
659 0 86 264
660 2
661
662 0 2 6 12 42
663
664 4
665 0 2 12 106 324 542 808
666 8
667 2 22
668 0 20 66
669 8 16 206
670 2
671 0 4 6 18 24 60 78 186 564
672 2 224
673 76
674 0 16 20 54 66 434
675 2 22
676
677 0 2 8 12 30 52 162
678 4
679
680 0 2 6 8 12 30 42 52 96 162 492
681 40 70 440
682 2 70 362
683 0 64 198
684
685 2 4 32 58 302 424 656
686 0
687 2 346 808
688 8 16 206
689 0 6
690 2
691 8 20 250
692 0 2 4 12 18 22 32 72 102 122 172 372 522 544 872
693 16 358
694 596
695 0 2 12
696
697 2 20 50 112 236 262
698 0 6 24 58 180 546 884
699 4 8 50 74 356 368 580
700 2 22
701 0
702 2 8 52 64 332 398 734
703
704 0 596 824
705 2 124 632
706 4 86 620
707 0 2 6 12 16 42 54 92 168 282 852
708
709 104
710 0 2 8 12 30 52 162
711 428
712 2 16 92
713 0 4 8 18 30 74 228
714 20
715 2
716 0 6 106 324 978
717 2 22 194 310 982
718 104
719 0
720 2 4 20 32 112 158 802
721 8
722 0 2 12
723 76
724 8 40 470
725 0 2 6 12 22 24 42 72 122 132 222 372 464 672
726 16 190 428
727 2 4 32
728 0 194 588
729
730 2
731 0 16 54
732 2 8 52 128 220 652
733 500
734 0 4 6 18 60
735 2 8 52
736
737 0 2 12 20 66 112 342
738
739
740 0 2 12
741 4
742 2 22
743 0 6 8 20 30 66 96 204 250 724 756
744 310
745 2 16 92
746 0 8 30 58 180 668 826
747 2
748 4 86 620
749 0 680 818
750 2 16 22 50 64 92 262 332 472
751
752 0 2 6 12 24 42 50 76 78 132 156 234 262 392 402 474 708 792
753 128
754 8 70 118 190 800
755 0 2 4 12 18 32 70 102 216 220 362 508 666
756
757 2 8 52 154 196 782 992
758 0 238 720
759 58
760 2 20 112
761 0 6 154 468
762 2 4 32
763 314
764 0 16 54
765 2 8 52
766 20 224 334
767 0 2 12 22 40 72 126 212 544 642
768 8
769 4 16 64 130 196 466
770 0 2 6 12 42
771
772 2
773 0
774 106
775 2 22
776 0 4 8 18 30 74 228
777 2 124 632
778 484
779 0 6 8 24 30 96 118 294 360 554
780 2
781 688
782 0 2 12
783 4 16 20 130 158 434 598
784
785 0 2 12
786
787 2 8 52
788 0 6 16 54 168
789 20
790 2 4 8 32 52 74 382
791 0
792 2 22
793
794 0
795 2 86 442
796 440
797 0 2 4 6 12 18 32 42 60 102 312
798 8
799
800 0 2 12 22 72
801 8
802 2 16 76 92 254 392
803 0 50 156
804 4
805 2 50 262
806 0 6 20 24 66 204 618
807 2 16 58 92 302 334
808
809 0 8 30
810 2 40 212
811 4
812 0 2 8 12 20 30 52 66 112 162 250 342 518 756
813
814
815 0 2 6 12 42
816 104
817 2 22 64 122 236 332
818 0 4 18
819
820 2 8 52 58 302 598 668
821 0 16 54
822 2
823 8
824 0 6
825 2 4 22 32 104 106 172 532 542 746 760
826 16 254 416
827 0 2 12 70 216 362
828 70
829 20
830 0 2 12
831 8 76 866
832 2 4 32 124 464 632 886
833 0 6 24 78 240
834 8
835 2 20 112
836 0 64 198
837 2 86 442
838 566
839 0 4 18
840 2 16 92
841
842 0 2 6 8 12 22 30 42 52 72 96 162 222 272 492 822 856
843
844
845 0 2 8 12 16 30 52 54 92 162 206 282 624 680
846 4 376 806
847 2 584 730
848 0
849 238
850 2 22 122
851 0 6
852 2 20 112 526 820
853 4 8 40 74 298 470 656
854 0
855 2
856 8 50 580
857 0 2 12 356 406
858 20 50
859 16
860 0 2 4 6 12 18 24 32 42 60 102 132 186 312 942
861
862 2
863 0 128 390
864 8 16 206
865 2 278
866 0
867 2 4 8 22 32 52 74 172 272 382
868 58
869 0 6
870 2
871
872 0 2 12
873
874 4
875 0 2 8 12 20 22 30 52 66 72 112 118 162 250 272 342 360 572 602 756 822
876
877 2
878 0 6 8 16 30 54 96 168 206 624
879
880 2
881 0 4 18 20 58 66 76 158 180 234 424 480 550
882 2
883 16 106
884 0 64 86 128 198 264 390
885 2
886 8
887 0 2 6 12 24 42 132
888 4
889 8
890 0 2 12
891
892 2 22
893 0
894
895 2 4 32
896 0 6 40 126 384
897 2 8 16 52 92 206
898 20
899 0 224 678
900 2 8 22 52 70 118 272 362 602 800
901 70
902 0 2 4 12 16 18 32 54 92 102 130 282 396 662
903 64
904 20 124 836
905 0 2 6 12 42
906
907 2
908 0 8 30
909 4 50 368
910 2 76 392
911 0 8 30 50 156 580
912 2
913 980
914 0 6 24 78 154 194 468 588
915 2 278
916 4 16 130
917 0 2 12 22 72
918 154
919 8 190
920 0 2 12
921 16 20 434
922 2 8 52
923 0 4 6 18 60 104 318 376 746 960
924
925 2 22 194 518 982
926 0 86 264
927 2 20 112
928 314
929 0 58 180
930 2 4 8 32 52 74 382
931
932 0 2 6 12 42 104 318 532 538 960
933 8
934 106
935 0 2 12 16 54 92 282
936 236
937 2 4 32
938 0
939 40
940 2 16 92
941 0 6 8 24 30 96 294
942 2 22 58 122 302 346
943
944 0 4 8 18 20 30 66 74 158 228 250 480 500 756
945 2 430
946
947 0 2 12 190 576 926 962
948
949
950 0 2 6 12 20 22 42 66 72 112 204 222 342 520 572
951 4 64 466
952 2 8 52
953 0 590
954 16
955 2 8 52 220
956 0 196 594
957 2
958 4
959 0 6 16 54 124 168 378
960 2 76 392
961
962 0 2 12 50 156 262 792
963 8
964 50
965 0 2 4 12 18 32 102
966 8
967 2 20 22 112 572
968 0 6 24 196 520 594
969
970 2 64 332
971 0
972 2 4 32
973 16 20 70 86 434
974 0 8 30 70 216 800
975 2 22 122
976 574
977 0 2 6 8 12 30 42 52 96 162 492
978 16 220 674
979 4
980 0 2 12
981
982 2 40 212
983 0
984
985 2 8 52
986 0 4 6 18 60
987 2 614 944
988 8
989 0 76 234
990 2 20 58 112 302 416
991
992 0 2 12 16 22 54 72 92 106 282 324 358 472 542
993 4 224
994 128
995 0 2 6 12 24 42 78 132 402
996 8 20 118 250
997 2 16 92
998 0
999 8 238
