0 26
1 0 6 24
2 16
3 2
4 0 2 12
5 38
6 70
7 0 34 108
8 2 28 152
9 2 38 202
10 0 6 26 84 258
11 14 16 320
12 14 20 388
13 0 2 12 28 90 152 462
14 2 106 542
15 628
16 0 238 720
17 818
18 2 22 34 182 922
19 0 2 6 12 20 42 66 112 204 342
20
21 16 64
22 0 464
23 2 304
24 2 22 64 332
25 0 604
26
27
28 0 2 6 12 14 24 42 48 82 132 150 252 456 762
29 2 14 26 82 142 490
30 16 136
31 0 938
32
33 2 638
34 0 2 12 224 678
35 20 154
36
37 0 6 446
38 2 850
39 2 26 28 142 152 896
40 0 16 54 80 246
41
42 20 224
43 0 2 12 22 70 72 216 362
44 2 28 34 152 182
45 14 350
46 0 6 14 38 48 120 150 366 694
47
48 2
49 0 2 12 16 22 54 72 92 122 282 372 472
50 38 178
51
52 0
53 2
54 2
55 0 6 24 34 78 108 240 330 996
56
57
58 0 2 12 20 26 66 84 112 142 342 432 664
59 2 16 92 106 542
60
61 0
62 14 670
63 2 14 82 136 692
64 0 2 6 12 42 268 810
65 20 544
66
67 0
68 2 16 22 26 92 142 472 548 722
69 2
70 0 28 90 154 468
71 80 178
72
73 0 2 6 12 42 350
74 2 22 650
75 28 538
76 0
77
78 2 16 92 188 952
79 0 2 12 14 48 70 82 216 252 362
80 14
81 20 34 526 848
82 0 6 24 740
83 2
84 2
85 0
86
87 16 26 38 548 776
88 0 2 12 20 64 66 112 198 332 342
89 2
90
91 0 6 38 64 120 198 366 600
92 34 680
93 2 22
94 0 2 12
95
96 14
97 0 14 16 26 48 54 84 320 490 548 966
98 2
99 2 22
100 0 6
101 28 980
102
103 0 2 12
104 2 20 112 278
105
106 0 16 28 54 90 358 586
107
108 2
109 0 2 6 12 24 42 132 260 786
110
111 20
112 0
113 2 14 82 446
114 2 14 82 454
115 0
116 16 26 70 548
117 148 268
118 0 2 6 12 22 34 42 72 108 122 182 222 330 372 552 922
119 2
120
121 0
122
123 2 80 106 412 542
124 0 2 12 22 72 610
125 16
126 26
127 0 6 20 66 204 230 696
128 2 38 202 236
129 2 34 182 266
130 0 14 48 988
131 14
132 28 38
133 0 2 12
134 2 20 112 464
135 16 148 358
136 0 6 24 78 680
137 28
138 2
139 0 2 12
140
141
142 0
143 2 22
144 2 16 92 650
145 0 6 26 84 238 258 720
146
147 14
148 0 2 12 14 48 82 252 254 768
149 2 22
150 20
151 0
152 70 944
153 2
154 0 2 6 12 16 42 54 80 92 168 246 282 412 744 852
155 26 34 64
156
157 0 20 66
158 2 64 220 332
159 2
160 0
161
162
163 0 2 6 12 16 24 28 42 54 90 92 132 152 168 276 282 462 510 586 834 852
164 2 14 82 944
165 14
166 0 34 108 740
167
168 2 22 28 106 152 542 772
169 0 2 12 38 120 136 202 414 612 692
170
171
172 0 6
173 2 16 20 38 92 112 202 434 776 940
174 2 22 26 122 142 622 722
175 0
176
177 188 488
178 0 2 12
179 2
180 20
181 0 6 14 48 150 638
182 14 16 304 320
183 2
184 0 2 12 26 84 142 230 432 696
185
186
187 0
188 2
189 2 70 290 362
190 0 6 24
191 236 454
192 16 34 154 700
193 0 2 12 22 72
194 2 28 152 724
195 254 440
196 0 20 66
197
198 2 14 82
199 0 2 6 12 14 22 28 42 48 72 82 90 150 152 222 252 276 422 462 524 762 772
200
201 16
202 0 136 290 414 876
203 2 20 26 34 112 142 182 664 848
204 2
205 0
206 80
207
208 0 2 6 12 42
209 2
210 38
211 0 16 54
212
213 2 26 142 934
214 0 2 12 38 120 202 220 612 666
215 14 286 476
216 14
217 0 6 24 78
218 2 22
219 2 20 112
220 0 16 54
221
222 64
223 0 2 12
224 2 22
225 28 64 70
226 0 6 20 66 204 736
227 154 980
228 2
229 0 2 12 34 108 182 280 552 846
230 16 28 266 586
231 178 880
232 0 14 26 48 84 106 324 490
233 2 14 82
234 2
235 0 6
236
237 80
238 0 2 12
239 2 16 92
240 34
241 0
242 20 26 260 664
243 2 22 122 280 622
244 0 2 6 12 24 42 132
245
246
247 0
248 2
249 2 14 16 20 22 82 92 112 320 388 422 434 472 572
250 0 14 48
251 38
252 178
253 0 2 6 12 42
254 2
255 38
256 0 28 90
257 238 818
258 2 16 92
259 0 2 12
260 310 644
261 26 28 224 896
262 0 6 70 216 310 654 936
263 2
264 2
265 0 20 66
266 14 34 334 626
267 14 286 736
268 0 2 12 16 22 54 72 92 148 282 450 472 752
269 2 188 224 952
270
271 0 6 24 26 84 258 278 780 840
272 20 416 526
273 2
274 0 2 12 22 72
275
276
277 0 16 34 54 106 108 324 700
278 2
279 2
280 0 6
281
282
283 0 2 12 14 48 82 252 938
284 2 14 82
285 394 610
286 0 148 450 538
287 16 28 416 586
288 2 20 112
289 0 2 6 12 42 64 80 198 246 332 412 600 744
290 26
291 346 724
292 0 28 38 64 90 120 198
293 2 22
294 2
295 0 20 66
296 16 38 334 776
297
298 0 2 6 12 24 42 70 78 132 216 240 362 402 654 726
299 2 22 122
300 14 26 490 544
301 0 14 48
302
303 2 34 182
304 0 2 12
305
306 16
307 0 6
308 2 136 406 692
309 2
310 0
311 20
312
313 0 2 12
314 2 34 182
315 16
316 0 6
317 14
318 2 14 20 22 28 82 112 152 388 422 524 572 710 772
319 0 2 12 26 84 142 432 698
320 80
321
322 0
323 2 28 152
324 2 22
325 0 6 16 24 54 168 510 614
326
327
328 0 2 12
329 2 26 142
330 304
331 0
332
333 2 38 202
334 0 2 6 12 14 16 20 42 48 54 66 82 92 112 150 168 204 252 282 320 342 388 434 762 852 966
335 14 70 268
336
337 0 38 120
338 2
339 2
340 0 34 108
341 20 106 136
342
343 0 2 6 12 22 42 72 222
344 2 16 92
345
346 0
347
348 2 26 142
349 0 2 12 22 28 72 90 152 154 462 468 772 782
350
351 14 34 584 626
352 0 6 14 24 48 150 456 806
353 2 16 92
354 2 28 152
355 0
356 64
357 20
358 0 2 12 26 84 142 432 880
359 2 64 332
360 230
361 0 6
362
363 2 16 92
364 0 2 12 20 66 112 342
365
366
367 0 236 560 714
368 2 14 22 82 122 188 422 952
369 2 14 82
370 0 6
371 70
372 16 80 260
373 0 2 12
374 2 22 38 202 406
375
376 0
377 26 34 394
378 2 38 202
379 0 2 6 12 24 42 78 132 402
380 20 28 604 710
381 220
382 0 16 54
383 2
384 2 154 560 782
385 0 14 28 48 90 278 524 840
386 14 106 238
387 20 26 664 670
388 0 2 6 12 34 42 108 182 268 330 552 810
389 2
390
391 0 16 54
392
393 2 22
394 0 2 12
395
396 440
397 0 6
398 2 266 350
399 2 22
400 0
401 16
402 14
403 0 2 12 14 20 48 66 80 82 112 246 252 342 388 412
404 2
405 254
406 0 6 24 26 84 258 628 780
407
408 2 70 362
409 0 2 12
410 16 20 434
411 28
412 0 178 540 934
413 2
414 2 34 182
415 0 6 38 120 366
416 26 28 574 896
417 230
418 0 2 12 22 72
419 2 14 38 82 148 202 694 752
420 14 16 320
421 0
422
423 2 64 332
424 0 2 6 12 22 42 72 122 222 372 476
425 34
426 20 64 350
427 0
428 2
429 2 16 92
430 0 236 714 770
431
432 584 950
433 0 2 6 12 20 24 42 66 112 132 178 204 342 540 618 902
434 2
435 26
436 0 14 48
437 14 148 220
438 2
439 0 2 12 16 54 92 282
440
441
442 0 6 28 90 276
443 2 22
444 2 70 362
445 0 26 84
446
447 28 136
448 0 2 12 16 54 92 282
449 2 20 22 112 572
450 106
451 0 6 34 108 330
452 254
453 2 14 82
454 0 2 12 14 48 82 252
455 80
456 20 38 658 940
457 0
458 2 16 92
459 2
460 0 6 24 38 78 120 188 366 570
461
462 34
463 0 2 12
464 2 26 142
465
466 0
467 16 358
468 2 22
469 0 2 6 12 42
470 14
471 14
472 0 20 66
473 2 28 152
474 2 22 26 142 722 926
475 0
476
477 16
478 0 2 6 12 28 42 90 152 276 462 488
479 2 20 112
480 136
481 0 70 216
482 290
483 2
484 0 2 12
485
486 16 80 446
487 0 6 14 24 48 150 456
488 2 14 34 82 182 224 626
489 2 304 464
490 0 64 198
491
492
493 0 2 12 22 26 64 72 84 122 142 198 332 372 432 722
494 2
495 20 106 290
496 0 6 16 54 168 224 358 678
497 38
498 2 238 614
499 0 2 12 22 34 72 108 182 266 552 804 922
500
501 38
502 0 20 66
503 2 26 142
504 2 14 28 82 152 286 524
505 0 6 14 16 48 54 150 168 260 320 786 966
506 154
507
508 0 2 12
509 2 28 152
510
511 0
512 280
513 2
514 0 2 6 12 24 42 132
515 16
516
517 0 70 216
518 2 20 22 112 572
519 2
520 0
521 14
522 14 26 490
523 0 2 6 12 42
524 2 16 22 92 472
525 20 34 848 968
526 0 280 846 974
527
528 2
529 0 2 12
530
531 850 988
532 0 6 26 84 258
533 2
534 2 16 92
535 0 28 90
536 34
537
538 0 2 12 14 38 48 80 82 120 202 246 252 412 612 694
539 2 14 82
540 28
541 0 6 20 24 66 78 154 204 240 468 618
542 38
543 2 16 22 92 472
544 0 2 12
545
546 574
547 0
548 2 20 112
549 2 22 122
550 0 6
551 26
552 278
553 0 2 12 16 54 92 282
554 2 70 362
555 14
556 0 14 48 286 864
557 64
558 2
559 0 2 6 12 42 106 188 324 542 570 952 978
560 64
561 26
562 0 16 34 54 108 446 700
563 2
564 2 20 112
565 0
566 28
567
568 0 2 6 12 22 24 42 72 132 222 672
569 2 80 412
570 148
571 0 20 28 66 90 454 710
572 14 16 320
573 2 14 34 82 182 310 626
574 0 2 12 22 72
575 310
576
577 0 6
578 2
579 2 38 202
580 0 26 84
581 16
582
583 0 2 12 38 120 202 612
584 2
585
586 0 6 136 414 820
587 20
588 2 148 752
589 0 2 12 14 48 82 252
590 14 26 70 490 838
591 16
592 0
593 2 22 178 230 902
594 2 20 112
595 0 6 24
596
597 28
598 0 2 12
599 2 22 34 182 922
600 16
601 0 464 770
602 28
603 2 334 644
604 0 2 6 12 42 106 220 324 542 666 978
605
606 14 236 268
607 0 14 48
608 2
609 2 26 142
610 0 16 20 34 54 66 108 434 526 700 848
611
612 544
613 0 2 6 12 42
614 2 178 902
615
616 0 538 698
617 20
618 2 22 122
619 0 2 12 16 26 54 84 92 136 142 282 414 432 548 692
620 38
621 80
622 0 6 24 78
623 2 14 82
624 2 14 22 38 64 82 202 332 422 694
625 0
626
627 64 70 238
628 0 2 12 28 90 152 462
629 2 16 92
630
631 0 6
632 604
633 2 20 28 112 152 334 710
634 0 2 12
635 260
636 34
637 0 304 918
638 2 16 26 92 142 440 548
639 2
640 0 6 14 20 48 66 150 204 346 388
641 14
642
643 0 2 12 22 72
644 2
645
646 0 628 658
647 34
648 2 16 26 92 142 454 548
649 0 2 6 12 22 24 42 72 132 222 672
650 230
651 188
652 0 80 246
653 2
654 2
655 0
656 20
657 14 16 320
658 0 2 6 12 14 42 48 82 150 252 762
659 2 28 152 268 958
660 220
661 0 38 120
662 254
663 2 20 70 112 154 362 782
664 0 2 12 28 90 152 462
665 38
666 278
667 0 6 16 26 54 84 168 258 266 548 804
668 2 22 106 488 542
669 2 236
670 0
671
672
673 0 2 12 34 108 182 552
674 2 14 22 82 122 422 638
675 14
676 0 6 16 24 54 168 510
677 26
678 2
679 0 2 12 20 66 112 342
680
681
682 0 394
683 2
684 2 34 182
685 0 6
686 16 20 434
687
688 0 2 12
689 2
690 28
691 0 14 48 64 198 416
692 14
693 2 22
694 0 2 6 12 42 64 198 332 476 600
695 16 28 586
696 26
697 0
698 2 154 782
699 2 22
700 0 70 216
701
702 20 38 940
703 0 2 6 12 24 42 78 132 402
704 2 80 412
705 16
706 0 26 38 84 120 416
707
708 2 14 82
709 0 2 12 14 20 48 66 82 112 252 254 342 388 768
710 34
711
712 0 6
713 2 106 542
714 2 16 92
715 0 224 678
716
717 406
718 0 2 12 22 72
719 2
720
721 0 6 28 34 90 108 148 276 330 450
722
723 2 224
724 0 2 12 16 22 54 72 92 282 472
725 14 20 26 136 388 490 664
726 14 28 524
727 0 650 806
728 2
729 2
730 0 6 24
731
732 20
733 0 2 12 16 54 92 282
734 2
735 26 80 670
736 0 70 216
737 610
738 2
739 0 2 6 12 42 148 238 450 720 752
740
741
742 0 14 48
743 2 14 16 22 38 82 92 122 202 320 422 472 694 776
744 2
745 0
746
747 34 38
748 0 2 6 12 20 42 66 112 204 342
749 2 22
750 188
751 0 350
752 16 28 586
753 2
754 0 2 12 26 84 142 432
755 20
756
757 0 6 24 28 90 276 834
758 2 34 64 136 182 332 692
759 2 14 82
760 0 14 48
761 64
762 16
763 0 2 12
764 2 26 142
765 926
766 0 6
767
768 2 22 260 266
769 0 2 12
770 968
771 16 20 434
772 0
773 2 70 362
774 2 22 178 394 902
775 0 6 290 680 876
776 14
777 14 106 974
778 0 2 12 20 66 112 342
779 2 350
780
781 0 16 54
782
783 2 26 28 142 152 406 896
784 0 2 6 12 24 34 38 42 78 108 120 132 182 202 240 330 366 402 552 612 996
785
786 820
787 0 80 246
788 2 28 38 152 202 290
789 2
790 0 16 54
791
792
793 0 2 6 12 14 22 26 42 48 72 82 84 142 150 222 252 258 286 422 432 490 722 762 864
794 2 14 20 82 112 388 964
795 34 178 280
796 0 304 918
797 650
798 2
799 0 2 12 22 72 122 372 622
800 16
801 20 526
802 0 6
803 2
804 2
805 0
806
807
808 0 2 12
809 2 16 70 92 280 362
810 14
811 0 6 14 24 48 150 456
812 26 838
813 2
814 0 2 12 28 90 152 462
815
816
817 0 20 66
818 2 22 80 412 964
819 2 16 28 92 152 586 680
820 0 6 154 468
821 34
822 26 106 638
823 0 2 12
824 2 20 22 112 572
825 38 64 740
826 0 230 696
827 14 220 538
828 2 14 16 64 82 92 320 332 358
829 0 2 6 12 38 42 120 202 366 612
830
831
832 0 34 108
833 2 278
834 2
835 0
836
837
838 0 2 6 12 16 24 42 54 92 132 168 282 510 818 852
839 2 440 950
840 20
841 0 26 84
842 188
843 2 22
844 0 2 12 14 48 82 252
845 14 28 236 286 524
846 70
847 0 6 16 20 54 66 168 204 434 544
848 2
849 2 22
850 0 28 90
851 26
852
853 0 2 12
854 2
855 154
856 0 6
857 16 358
858 2 34 182
859 0 2 12
860
861 14
862 0 14 48
863 2 20 112
864 2 136 692
865 0 6 24 78
866 16 38 776
867
868 0 2 12 22 72 122 238 372 622 720
869 2 34 182
870 20 26 38 80 664 940
871 0
872 148
873 2
874 0 2 6 12 22 42 72 222
875
876 16 28 586
877 0 268 810
878 2 14 82
879 2 14 82
880 0 26 84
881 28
882 70
883 0 2 6 12 42 220 230 666 696
884 2
885 16
886 0 20 66 106 310 324 936
887
888 2 310
889 0 2 12
890 148
891 850
892 0 6 24 64 198 600
893 2 20 22 112 572
894 2
895 0 14 16 34 48 54 64 108 198 320 626 700 966
896 14
897 136
898 0 2 12 260 610 786
899 2 22 26 142 722
900
901 0 6 80 246 744
902
903 2 476
904 0 2 12 16 54 92 282
905
906 34
907 0 28 38 90 120 644
908 2 236
909 2 20 26 112 142 664 740
910 0 6
911 38
912 14 28 524
913 0 2 12 14 48 82 252
914 2 16 92
915
916 0 20 66
917
918 2 22
919 0 2 6 12 24 42 70 132 216 254 362 654 768
920
921 724
922 0
923 2 16 92
924 2 22 122
925 0
926
927
928 0 2 6 12 26 42 84 142 258 432
929 2 14 82
930 14 268 560
931 0 106 324
932 20 34 848
933 2 16 92
934 0 2 12
935 446
936 266
937 0 6
938 2 26 28 142 152 584 896
939 2 20 112
940 0 334
941 188
942 16 224 614
943 0 2 12 22 28 34 72 90 108 152 182 462 552 772 922 958
944 2 304
945
946 0 6 14 24 48 78 150 456
947 14 278 560
948 2 38 202
949 0 2 12 22 72
950 224
951
952 0 16 38 54 120 776
953 2 80 412
954 2
955 0 6 20 66 70 178 204 216 540 654
956 464
957 26
958 0 2 12
959 2 64 332
960
961 0 16 54
962 20 64
963 2 14 82
964 0 2 6 12 14 42 48 82 150 252 762
965 736
966 254
967 0 26 84
968 2 22
969 2 28 34 152 182 488
970 0 334
971 16
972 938
973 0 2 6 12 24 42 132
974 2 22 28 152 772
975
976 0 178 540
977 154
978 2 20 112
979 0 2 12
980 14 16 34 238 320 626 700
981 14
982 0 6
983 2
984 2 80 412
985 0 20 66
986 26
987 604
988 0 2 12
989 2 38 202 346
990 16
991 0 6
992 70
993 2 22 38 122 202 574
994 0 2 12
995 106
996 26
997 0 14 48
998 2 14 82
999 2 16 22 92 472
