0 14 31
1 1 5 13 29
2 0 1 3 5 9 21
3 2 7
4 2 7
5 0 1 3 6 9 15 33
6 1 14 31 65
7 50 103
8 0 2 3 7 12 22 27 47 72 147
9 1 2 5 7 17 22 37 47 97 197
10 1 5 13 29 61 125 253
11 0 3 50 103 156 315
12 190 383
13 1 2 7 17 20 43 89 112 227 457
14 0 1 2 3 6 7 9 12 15 17 24 27 33 42 51 57 87 105 132 177 267 537
15 310 623
16 356 715
17 0 1 3 5 9 13 14 21 31 45 48 65 99 133 201 269 405 813
18 1 2 5 7 17 20 37 43 89 112 181 227 457 917
19 2 7 100 203 512
20 0 3 188 379 570
21 1 314 631
22 1 346 695
23 0 2 3 6 7 12 14 15 27 31 42 48 82 87 99 150 167 252 303 507 762
24 2 7 164 331 832
25 1 5 224 451 905
26 0 1 3 5 9 13 21 38 45 79 120 161 243 325 489 653 981
27
28 2 7 226 455
29 0 1 2 3 7 9 12 17 27 38 57 79 120 161 202 243 407 489 612 817
30 1 656
31
32 0 3 6 15 164 331 498 999
33 1 2 5 7 13 17 22 29 37 47 61 77 97 125 157 197 317 397 637 797
34 1 2 5 7 14 17 22 31 37 47 65 82 97 133 167 197 337 422 677 847
35 0 3 598
36 20 43 80 163
37 1
38 0 1 2 3 7 9 12 17 27 57 68 139 210 281 352 423 707 849
39 2 7 446 895
40 14 31 136 275
41 0 1 3 5 6 9 15 20 21 24 33 43 51 66 69 89 105 135 181 204 213 273 411 549 618 825
42 1 5 13 29 160 323 649
43 2 7 544
44 0 2 3 7 12 27 188 379 570 952
45 1
46 1
47 0 3
48 2 7 680
49 1 2 5 7 13 17 37 77 86 175 353 442 709 887
50 0 1 3 5 6 9 15 21 33 69 100 203 306 409 615 821 924
51 14 31 224 451
52
53 0 1 2 3 7 9 12 17 27 57 136 275 414 553 692 831
54 1 2 7 17 430 863
55
56 0 3
57 1 5 14 31 65 68 133 139 281 565
58 1 2 5 7 13 17 22 37 47 77 97 122 197 247 397 497 622 997
59 0 2 3 6 7 12 15 20 22 27 42 43 47 66 72 87 112 135 147 204 222 227 342 411 447 572 687
60 50 98 103 199
61 1
62 0 1 3 9 950
63 2 7
64 2 7 20 43 50 103 112 227 262 527
65 0 1 3 5 9 13 21 29 45 93 128 259 390 521 783
66 1 5
67 38 79 160 323
68 0 2 3 6 7 12 14 15 24 27 31 42 48 51 78 82 87 99 132 150 159 167 252 267 303 402 456 507 762 807 915
69 1 2 7 17 706
70 1 38 79 86 161 175 353
71 0 3
72
73 1 2 5 7 17 37 394 791
74 0 1 2 3 5 7 9 12 13 14 17 21 27 29 31 37 45 48 57 61 65 77 82 93 99 117 133 157 167 189 201 237 252 269 317 337 405 477 507 541 677 813 957
75 80 98 163 199
76
77 0 1 3 6 9 15 33 488 979
78 1 2 7 17 904
79 2 7
80 0 3
81 1 5 13
82 1 5 20 43 89 106 181 215 433 869
83 0 2 3 7 12 22 27 47 72 134 147 271 408 682 819
84 2 7 22 47 418 839
85 1 14 31 65 314 631
86 0 1 3 6 9 15 33 610
87 20 43 488 979
88 2 7
89 0 1 2 3 5 7 9 12 17 21 27 37 57 117 194 391 588 785 982
90 1 5 13
91 14 31 724
92 0 3
93 1 2 7 17
94 1 2 7 17
95 0 3 6 15 24 51 496 995
96
97 1 5 13 29 61 436 875
98 0 1 2 3 5 7 9 12 17 21 27 37 57 117 236 475 714 953
99 2 7
100 106 134 215 271
101 0 1 3 9
102 1 14 31 65 454 911
103 2 7
104 0 2 3 6 7 12 15 27 42 87 356 715
105 1 5 20 43 89 176 181 355 713
106 1 5 13 29
107 0 3
108 2 7 14 22 31 38 47 79 82 167 202 407 422 694 847
109 1 2 7 17 22 47 68 97 122 139 247 281 352 497 707
110 0 1 3 9 20 43 66 89 128 135 259 273 390 521 783
111 38 79 446 895
112
113 0 1 2 3 5 6 7 9 12 13 15 17 21 27 33 37 42 45 50 57 69 77 87 103 117 141 156 177 209 237 262 315 357 421 474 527 633 717 792 845 951
114 1 2 5 7 17 37 968
115
116 0 3
117 1 50 103 190 209 383 769
118 1 2 7 17
119 0 2 3 7 12 14 27 31 48 80 82 99 163 167 246 252 412 495 507 827
120
121 1 5
122 0 1 3 5 6 9 13 15 21 24 33 45 51 69 100 105 141 203 213 306 409 429 615 821 924
123 2 7
124 2 7
125 0 1 3 9 14 31 48 65 99 201 226 455 684 913
126 1
127
128 0 2 3 7 12 20 27 43 66 68 112 135 139 210 227 342 352 423 687 707
129 1 2 5 7 13 17 29 37 77 157 308 619
130 1 5
131 0 3 6 15
132
133 1 2 7 17 20 22 43 47 89 97 112 227 457 526 572
134 0 1 2 3 7 9 12 17 22 27 47 57 72 97 147 176 297 355 534 713 892
135
136 14 31
137 0 1 3 5 9 21
138 1 2 5 7 13 17 29 37 61 77 86 125 157 175 317 353 442 637 709 887
139 2 7
140 0 3 6 15
141 1
142 1 14 31 65 884
143 0 2 3 7 12 27
144 2 7
145 1 5 13
146 0 1 3 5 9 21
147
148 2 7
149 0 1 2 3 6 7 9 12 15 17 24 27 33 38 42 51 57 78 79 87 105 120 132 159 161 177 202 243 267 321 366 402 407 489 537 612 735 807 817
150 1
151 20 43
152 0 3 38 79 120 243 278 559 840
153 1 2 5 7 14 17 31 37 65 82 100 133 167 203 337 409 512 677 821
154 1 2 5 7 13 17 37 77 884
155 0 3
156 20 43
157 1
158 0 1 2 3 6 7 9 12 15 17 22 27 33 42 47 57 72 80 87 97 147 163 177 222 246 297 329 412 447 495 744 827 897 993
159 2 7 14 22 31 47 82 86 167 175 422 442 847 887
160
161 0 1 3 5 9 13 21 29 45 61 93 98 125 189 199 253 300 381 401 603 765 805
162 1 5
163 2 7
164 0 2 3 7 12 27
165 1
166 1 50 103 209 386 775
167 0 3 6 15
168 2 7
169 1 2 5 7 17 37
170 0 1 3 5 9 13 14 21 29 31 45 48 50 65 93 99 103 133 156 201 209 269 315 405 421 541 633 813 845 898
171
172
173 0 1 2 3 7 9 12 17 27 57
174 1 2 7 17 20 43 89 112 194 227 391 457 785 982
175
176 0 3 6 14 15 24 31 48 51 98 99 150 199 300 303 456 603 906 915
177 1 5 13
178 1 2 5 7 17 37
179 0 2 3 7 12 20 27 43 66 112 135 136 227 275 342 414 687 692 831
180 68 139 680
181 1
182 0 1 3 9
183 2 7 22 47 122 247 398 799
184 2 7 22 47
185 0 1 3 5 6 9 15 21 33 69
186 1 5 13
187 14 31
188 0 2 3 7 12 27
189 1 2 7 17
190 1 38 79 161 656
191 0 3 106 164 215 324 331 498 651 999
192 136 275 394 791
193 1 2 5 7 13 14 17 29 31 37 38 65 77 79 82 133 157 161 167 202 269 325 337 407 541 653 677 694 817
194 0 1 2 3 5 6 7 9 12 15 17 21 27 33 37 42 57 69 87 117 177 310 357 623 936
195
196 128 259 436 875
197 0 1 3 9 20 43 66 89 135 273 418 839
198 1 2 7 17
199 2 7 68 139 164 331 352 707 832
200 0 3
201 1 5
202 1 5 13 20 29 43 61 80 89 163 181 329 365 661 733
203 0 2 3 6 7 12 15 24 27 42 51 87 132 267 454 911
204 2 7 14 31 82 167 730
205 1 160 190 323 383 649 769
206 0 1 3 9
207
208 2 7 22 47
209 0 1 2 3 5 7 9 12 13 17 21 22 27 37 45 47 57 72 77 97 106 117 147 197 215 237 297 324 397 433 542 597 651 869
210 1 5 14 31 65 133 968
211 188 346 379 695
212 0 3 6 15
213 1 2 7 17
214 1 2 7 17
215 0 3
216
217 1 5
218 0 1 2 3 5 7 9 12 13 17 21 27 37 45 57 77 117 237 590
219 2 7 50 103 262 268 527 539
220 20 43 134 271 526
221 0 1 3 6 9 14 15 31 33 48 65 99 150 201 236 303 475 609 714 953
222 1
223 2 7 50 103 262 278 527 559
224 0 2 3 7 12 27
225 1 5 13 20 29 43 61 89 100 181 203 365 409 733 821
226 1 5
227 0 3 14 31 48 86 99 175 264 286 531 575 864
228 2 7
229 1 2 7 17
230 0 1 3 6 9 15 24 33 51 78 105 159 160 240 321 323 483 486 649 969 975
231 38 79
232
233 0 1 2 3 5 7 9 12 17 21 22 27 37 47 57 72 97 117 147 197 268 297 539 597 810
234 1 2 5 7 13 17 22 29 37 38 47 77 79 97 122 157 161 197 202 247 325 397 407 497 653 797 817 997
235 188 379 430 863
236 0 3
237 1 134 271 304 545 611
238 1 2 7 14 17 31 65 82 167 337 496 995
239 0 2 3 6 7 12 15 27 42 87
240
241 1 5 13 80 128 163 259 329 521 661
242 0 1 3 5 9 21
243 2 7 20 43 112 227 766
244 2 7 14 31 82 167
245 0 1 3 9
246 1
247
248 0 2 3 6 7 12 15 20 27 42 43 66 86 87 112 135 175 204 227 264 342 411 442 531 687 798 887
249 1 2 5 7 17 37
250 1 5 13
251 0 3 68 139 210 423 440 883
252 224 416 451 835
253 1 2 7 17
254 0 1 2 3 7 9 12 17 27 57
255 14 31 286 334 575 671
256 100 203 950
257 0 1 3 5 6 9 13 15 21 24 29 33 45 51 69 93 105 141 213 226 285 429 455 684 861 913
258 1 2 5 7 17 22 37 47 97 197 994
259 2 7 22 47
260 0 3
261 1 14 31 65
262 1 98 199 401 506
263 0 2 3 7 12 27
264 2 7
265 1 5
266 0 1 3 5 6 9 13 15 20 21 29 33 43 45 61 66 69 89 93 125 135 141 181 189 204 253 273 285 365 381 411 509 549 573 733 765 825
267
268 2 7
269 0 1 2 3 7 9 12 17 27 57
270 1 68 139 281 766
271 20 43
272 0 3 14 31 38 48 50 79 99 103 120 156 243 315 694 898
273 1 2 5 7 13 17 37 77
274 1 2 5 7 17 37
275 0 3 6 15 38 79 120 243 304 366 611 735 918
276 50 103
277 1 98 199 401 566
278 0 1 2 3 7 9 12 14 17 27 31 48 57 65 82 99 167 201 224 252 337 451 507 678 905
279 2 7
280
281 0 1 3 5 9 21
282 1 5 13
283 2 7 22 47
284 0 2 3 6 7 12 15 22 24 27 42 47 51 72 87 132 147 176 222 267 355 447 534 672 892
285 1 80 163 329 730
286 1 194 308 391 619 785
287 0 3
288 2 7
289 1 2 5 7 13 14 17 20 29 31 37 43 61 65 77 82 89 112 125 133 157 167 181 227 269 317 337 365 388 457 541 637 677 733 779 917
290 0 1 3 5 9 21
291
292
293 0 1 2 3 6 7 9 12 15 17 27 33 42 57 87 177
294 1 2 7 17 20 43 89 112 227 457 560
295 14 31
296 0 3
297 1 5
298 1 2 5 7 13 17 29 37 77 157
299 0 2 3 7 12 27
300 106 215
301 1
302 0 1 3 6 9 15 33
303 2 7
304 2 7
305 0 1 3 5 9 13 21 45
306 1 5 14 31 65 133
307 334 416 671 835
308 0 2 3 7 12 22 27 47 72 122 147 247 372 376 747 755
309 1 2 7 17 22 47 97
310 1 190 370 383 743 769
311 0 3 6 15 24 51 78 159
312 14 20 31 43 370 388 743 779
313 1 2 5 7 17 37 38 79 161 176 202 325 355 407 713 817 892
314 0 1 2 3 5 7 9 12 13 17 21 27 37 45 57 77 117 237
315
316 38 79 86 175
317 0 1 3 9 20 43 66 89 135 273
318 1 2 7 17 106 136 215 275 433 542 553 692
319 2 7
320 0 3 6 15
321 1 5 13 29
322 1 5 68 139 281 544 565
323 0 2 3 7 12 14 27 31 48 82 99 167 252 507 610
324 2 7 80 163 376 412 755 827
325 1 50 103 209
326 0 1 3 9
327 128 259
328 2 7 100 203 310 512 623
329 0 1 2 3 5 6 7 9 12 14 15 17 21 27 31 33 37 42 48 50 57 65 69 82 87 99 103 117 133 150 156 167 177 201 209 252 262 303 315 337 357 405 421 474 507 527 609 633 677 762 792 898 951
330 1 5 13 29 61
331 136 275
332 0 3
333 1 2 7 17 22 47 97
334 1 2 7 17 22 47 97
335 0 3 20 43 66 135
336
337 1 5 13 86 175 236 353 475 709 953
338 0 1 2 3 5 6 7 9 12 15 17 21 24 27 33 37 42 51 57 69 87 105 117 132 177 213 267 314 357 537 631 948
339 2 7
340 14 20 31 43 388 440 779 883
341 0 1 3 9 68 139 210 281 406 423 815 849
342 1
343 2 7
344 0 2 3 7 12 27
345 1 5
346 1 5 13 14 31 65 133 269
347 0 3 6 15
348 2 7
349 1 2 7 17
350 0 1 3 9
351
352 398 460 799 923
353 0 1 2 3 5 7 9 12 13 17 21 27 29 37 45 57 61 77 93 117 157 189 237 317 386 477 775 957
354 1 2 5 7 17 37 38 79 161 202 226 325 407 455 817 913
355
356 0 3 6 15
357 1 14 31 38 65 79 134 161 271 545 694
358 1 2 7 17 20 22 43 47 89 97 112 164 227 331 457 572 665 832
359 0 2 3 7 12 22 27 47 72 100 122 147 203 247 306 372 512 615 622 747
360
361 1 5
362 0 1 3 5 9 13 21 29 45 93
363 2 7 14 20 31 43 82 98 112 167 199 227 388 502 779
364 2 7
365 0 1 3 6 9 15 24 33 51 105
366 1 164 331 598 665
367
368 0 2 3 7 12 27 80 160 163 246 323 412 486 495 812 827 975
369 1 2 5 7 13 17 37 77
370 1 5
371 0 3 194 346 391 588 695
372 128 259
373 1 2 7 17
374 0 1 2 3 6 7 9 12 14 15 17 27 31 33 42 48 57 65 82 87 99 134 150 167 177 201 252 271 303 337 408 507 545 609 682 762 819
375 356 584 715
376
377 0 1 3 5 9 21
378 1 2 5 7 13 17 37 50 77 98 103 199 209 262 401 421 502 527 805 845
379 2 7
380 0 3 14 31 48 99
381 1 20 43 89
382 1 50 103 209
383 0 2 3 6 7 12 15 22 27 42 47 72 87 147 222 447 974
384 2 7 22 47
385 1 5 13 29
386 0 1 3 5 9 20 21 43 66 89 135 181 273 549 806
387
388 2 7
389 0 1 2 3 7 9 12 17 27 57
390 1
391 14 31
392 0 3 6 15 24 51 78 159
393 1 2 5 7 17 37 68 139 160 281 323 352 565 649 707 812
394 1 2 5 7 13 17 29 37 61 77 125 157 317 637 724
395 0 3 38 79 120 243
396
397 1 14 31 65
398 0 1 2 3 7 9 12 17 27 38 57 79 120 161 190 202 243 383 407 489 576 612 769 817 962
399 2 7
400
401 0 1 3 5 6 9 13 15 21 33 45 69 141
402 1 5 188 314 379 631 761
403 2 7
404 0 2 3 7 12 20 27 43 66 112 135 227 342 687 706
405 1 86 175 353
406 1
407 0 3 80 163 246 495 994
408 2 7 14 22 31 47 82 167 422 584 847
409 1 2 5 7 17 20 22 37 43 47 89 97 106 112 181 197 215 227 433 457 542 572 869 917
410 0 1 3 5 6 9 13 15 21 33 45 69 141
411
412 68 139
413 0 1 2 3 7 9 12 17 27 57
414 1 2 7 14 17 31 65 82 167 337
415
416 0 3
417 1 5 13 29 61 125 253 506 509
418 1 2 5 7 17 37
419 0 2 3 6 7 12 15 24 27 42 51 87 132 267
420 460 568 923
421 1
422 0 1 3 9
423 2 7
424 2 7
425 0 1 3 5 9 14 21 31 48 65 99 133 201 405
426 1 5 13 29 86 175 188 353 379 709 761
427 20 43 106 215
428 0 2 3 6 7 12 15 27 42 87
429 1 2 7 17
430 1
431 0 3 14 31 48 50 99 100 103 156 203 306 315 615 898
432 20 43
433 1 2 5 7 13 17 22 37 47 77 97 122 197 247 278 397 497 559 997
434 0 1 2 3 5 7 9 12 17 21 22 27 37 47 57 72 97 117 147 197 297 597 938
435 50 103
436 38 79
437 0 1 3 6 9 15 33
438 1 2 7 17
439 2 7 38 79 202 407
440 0 3 308 619 930
441 1 5
442 1 5 13 14 31 65 133 269
443 0 2 3 7 12 27
444 2 7
445 1
446 0 1 3 6 9 15 24 33 51 105
447
448 2 7 14 31 82 167
449 0 1 2 3 5 7 9 12 13 17 21 27 29 37 45 57 77 93 117 157 237 477
450 1 5 20 43 89 181
451 80 163
452 0 3
453 1 2 7 17
454 1 2 7 17
455 0 3 6 15 20 43 66 135 204 411
456
457 1 5 136 275 553 560
458 0 1 2 3 5 7 9 12 13 17 21 22 27 29 37 45 47 57 61 72 77 93 97 117 128 147 157 189 197 237 259 297 317 390 397 477 521 597 652 783 797 957
459 2 7 14 22 31 47 82 167 422 740 847
460 236 475
461 0 1 3 9
462 1 100 203 409
463 2 7 176 355 356 715 892
464 0 2 3 6 7 12 15 27 42 68 87 98 139 199 210 300 352 423 502 603 636 707 906
465 1 5 13 14 31 65 133 269
466 1 5
467 0 3
468 2 7
469 1 2 7 17
470 0 1 3 9 136 275 394 414 553 791 831
471
472
473 0 1 2 3 5 6 7 9 12 15 17 20 21 24 27 33 37 42 43 51 57 66 69 78 87 89 105 112 117 132 135 159 177 181 204 213 227 240 267 273 321 342 357 402 411 457 483 537 549 618 645 687 726 807 825 917 969
474 1 2 5 7 13 17 37 77
475
476 0 3 14 31 48 99
477 1 38 79 161
478 1 2 7 17 20 43 89 112 227 457
479 0 2 3 7 12 27 98 199 224 300 451 502 603 678
480 38 79
481 1 5 13 29 61
482 0 1 3 5 6 9 14 15 21 31 33 48 65 69 99 133 150 201 303 405 566 609
483 2 7 22 47 68 139 194 352 391 707 982
484 2 7 22 47 50 103 122 247 262 527
485 0 1 3 9
486 1 226 455 770 913
487 430 818 863
488 0 2 3 7 12 27 50 103 156 262 315 446 527 792 895
489 1 2 5 7 17 37
490 1 5 13 29 80 163 268 329 539 661
491 0 3 6 15
492 176 355
493 1 2 7 14 17 31 65 82 167 337
494 0 1 2 3 7 9 12 17 27 57 86 134 175 264 271 353 408 442 531 545 682 819 887
495
496 20 43
497 0 1 3 5 9 13 21 45
498 1 2 5 7 17 37
499 2 7 14 31 82 167
500 0 3 6 15 24 51
501 1 20 43 89
502 1
503 0 2 3 7 12 27 128 190 259 383 390 576 652 783 962
504 2 7 268 278 539 559
505 1 5 224 418 451 839 905
506 0 1 3 5 9 13 21 45
507 310 623
508 2 7 22 47
509 0 1 2 3 6 7 9 12 15 17 22 27 33 42 47 57 72 87 97 147 177 222 297 447 860 897
510 1 14 31 65
511 134 271
512 0 3
513 1 2 5 7 13 17 29 37 77 157
514 1 2 5 7 17 37
515 0 3 86 175 264 531
516 14 31 286 575
517 1
518 0 1 2 3 6 7 9 12 15 17 27 33 38 42 57 79 87 106 120 161 177 202 215 243 324 366 407 433 489 542 612 651 735 817 978
519 2 7 20 43 112 227
520
521 0 1 3 5 9 21 38 79 120 161 243 325 489 824 981
522 1 5 13 29 61 125 253
523 2 7
524 0 2 3 7 12 20 27 43 66 112 135 227 342 687
525 1 164 331 665
526 1
527 0 3 6 14 15 24 31 48 51 99 150 303 456 904 915
528 2 7
529 1 2 5 7 13 17 37 77
530 0 1 3 5 9 21
531 160 323
532 568 740
533 0 1 2 3 7 9 12 14 17 22 27 31 47 48 57 65 72 82 97 99 147 164 167 201 252 297 331 337 422 498 507 665 832 847 999
534 1 2 7 17 22 47 80 97 100 163 203 329 409 412 512 827
535 68 139
536 0 3 6 15 106 215 324 436 651 875 978
537 1 5 50 103 209 421
538 1 2 5 7 13 17 37 77
539 0 2 3 7 12 27
540
541 1 50 103 209
542 0 1 3 9 20 43 66 89 135 273
543 2 7
544 2 7 14 31 82 167 286 304 575 611
545 0 1 3 5 6 9 13 15 21 29 33 45 61 69 93 125 141 189 285 381 573 770
546 1 5
547 20 43
548 0 2 3 7 12 27
549 1 2 7 17
550 1 14 31 65
551 0 3
552
553 1 2 5 7 17 37
554 0 1 2 3 5 6 7 9 12 13 15 17 21 24 27 29 33 37 42 45 51 57 68 69 77 78 87 93 105 117 132 139 141 157 159 177 210 213 237 267 281 285 321 352 357 402 423 429 477 537 565 636 645 707 717 807 849 861
555 386 775
556 160 323
557 0 1 3 9
558 1 2 7 17 22 47 97 122 247 497
559 2 7 22 38 47 79 202 407 454 911
560 0 3 346 446 695 895
561 1 5 13 14 31 65 133 269
562 1 5 38 79 161 325
563 0 2 3 6 7 12 15 27 42 87
564 2 7
565 1 20 43 89 98 100 199 203 401 409
566 0 1 3 9
567 14 31
568 2 7 194 391 488 979 982
569 0 1 2 3 5 7 9 12 17 21 27 37 57 117
570 1 5 13 20 43 89 181 365
571
572 0 3 6 15
573 1 2 7 17 80 163 329 412 590 827
574 1 2 7 17
575 0 3
576 236 475
577 1 5 13 29
578 0 1 2 3 5 7 9 12 14 17 21 27 31 37 48 57 65 82 99 117 133 167 201 252 337 405 488 507 677 979
579 2 7
580 98 199
581 0 1 3 6 9 15 24 33 51 105
582 1 304 611 824
583 2 7 22 47 86 175 226 442 455 887
584 0 2 3 7 12 14 22 27 31 47 48 72 82 99 147 167 252 398 422 507 799 847
585 1 5
586 1 5 13 29 61
587 0 3
588 2 7 20 43 112 227
589 1 2 7 17 128 259 394 521 652 791
590 0 1 3 6 9 15 33 50 103 156 209 315 474 544 633 951
591 190 383
592 334 671
593 0 1 2 3 5 7 9 12 13 17 20 21 27 37 43 45 57 66 77 89 112 117 135 181 188 227 237 273 342 365 379 457 549 570 687 761 917 952
594 1 2 5 7 17 37 50 103 209 262 421 496 527 995
595 14 31
596 0 3 136 275 414 831
597 1 308 619 856
598 1 2 7 17
599 0 2 3 6 7 12 15 27 42 87
600 38 79
601 1 5 14 31 65 133
602 0 1 3 5 9 13 21 45
603 2 7 38 79 202 407
604 2 7 86 175 442 887
605 0 1 3 9
606 1 68 139 281
607
608 0 2 3 6 7 12 15 22 24 27 42 47 51 72 87 132 147 222 267 447 672 818
609 1 2 5 7 13 17 22 29 37 47 61 77 97 122 136 157 197 247 275 317 397 497 553 692 797 997
610 1 5
611 0 3 20 43 66 135
612 14 31
613 1 2 7 17
614 0 1 2 3 7 9 12 17 27 57
615
616 20 43
617 0 1 3 5 6 9 15 21 33 69 80 163 188 246 329 379 495 570 661 744 761 993
618 1 2 5 7 13 14 17 29 31 37 65 77 82 133 157 167 269 337 418 541 677 839
619 2 7
620 0 3
621 1
622 1
623 0 2 3 7 12 27
624 2 7
625 1 5 13 68 139 281 565
626 0 1 3 5 6 9 15 21 33 69
627 106 215
628 2 7
629 0 1 2 3 7 9 12 14 17 27 31 48 57 65 82 99 167 201 252 337 507
630 1
631 134 271
632 0 3
633 1 2 5 7 17 22 37 47 97 197
634 1 2 5 7 13 17 20 22 37 43 47 77 89 97 112 128 181 197 227 259 365 397 457 521 572 652 917
635 0 3 6 14 15 24 31 48 51 78 99 150 159 303 436 456 875 915
636 598
637 1 100 203 409
638 0 1 2 3 7 9 12 17 27 57
639 2 7 20 43 112 227
640
641 0 1 3 5 9 13 21 29 38 45 79 93 120 161 243 310 325 489 623 653 936 981
642 1 5 176 355 713 860
643 2 7 50 103 262 527
644 0 2 3 6 7 12 15 27 38 42 79 87 120 202 243 334 366 407 612 671 735
645 1 106 215 433
646 1 14 31 65
647 0 3 50 103 156 315
648 2 7 134 271 682 916
649 1 2 5 7 17 37
650 0 1 3 5 9 13 21 29 45 61 93 125 189 381
651
652 14 31
653 0 1 2 3 6 7 9 12 15 17 27 33 42 57 87 177
654 1 2 7 17
655 314 631
656 0 3 80 163 246 495
657 1 5 13 20 43 89 181 365
658 1 2 5 7 17 22 37 47 97 197
659 0 2 3 7 12 22 27 47 72 147
660 454 911
661 1
662 0 1 3 6 9 15 20 24 33 43 51 66 89 105 135 204 273 411 526 618 825
663 2 7 14 31 82 167
664 2 7
665 0 1 3 5 9 21
666 1 5 13 98 199 401 805 820
667
668 0 2 3 7 12 27 100 203 306 430 512 615 863
669 1 2 7 14 17 31 65 82 167 337
670 1
671 0 3 6 15 176 355 416 534 835
672 86 175
673 1 2 5 7 13 17 29 37 61 77 125 157 253 317 637
674 0 1 2 3 5 7 9 12 17 21 27 37 57 117
675
676
677 0 1 3 9 68 139 210 281 423 849
678 1 2 7 17
679 2 7
680 0 3 6 14 15 20 31 43 48 66 99 135 150 194 204 303 388 391 411 588 779
681 1 5 98 199 401 805
682 1 5 13 29 38 79 161 325 653
683 0 2 3 7 12 22 27 47 72 122 147 247 370 372 622 743 747
684 2 7 22 47
685 1 20 38 43 79 89 161 370 743 940
686 0 1 3 9 14 31 48 65 99 201
687 376 755
688 2 7
689 0 1 2 3 5 6 7 9 12 13 15 17 21 24 27 33 37 42 45 51 57 69 77 87 105 117 132 141 177 213 237 267 357 429 537 656 717
690 1 5
691
692 0 3 164 331 498 999
693 1 2 7 17 86 175 353 442 806 887
694 1 2 7 17 160 323 440 649 812 883
695 0 3
696 50 68 103 139 190 383
697 1 5 14 31 65 133
698 0 1 2 3 5 6 7 9 12 13 15 17 21 27 33 37 42 45 57 69 77 87 117 141 177 237 357 717
699 2 7 236 475 610
700 50 80 103 163 164 331
701 0 1 3 9
702 1
703 2 7 14 20 31 43 82 112 167 227 376 388 755 779
704 0 2 3 7 12 27
705 1 5 13 29
706 1 5 224 451 820 905
707 0 3 6 15
708 2 7 20 22 43 47 112 227 572
709 1 2 7 17 22 47 97
710 0 1 3 9
711
712
713 0 1 2 3 5 7 9 12 17 21 27 37 57 117
714 1 2 5 7 13 14 17 29 31 37 61 65 77 82 133 157 167 269 278 317 337 541 559 677
715 226 455
716 0 3 6 15 24 51 78 159 240 483
717 1
718 1 2 7 17
719 0 2 3 7 12 27 160 314 323 486 631 812 948 975
720 14 31 128 259 346 695
721 1 5 13
722 0 1 3 5 9 21
723 2 7 38 79 202 407
724 2 7
725 0 1 3 6 9 15 33
726 1 20 38 43 79 89 161 416 835 940
727
728 0 2 3 7 12 27
729 1 2 5 7 17 37
730 1 5 13
731 0 3 14 20 31 43 48 66 99 135 388 680 779
732 224 451
733 1 2 7 17 22 47 97
734 0 1 2 3 6 7 9 12 15 17 22 27 33 42 47 57 72 87 97 122 147 177 222 247 297 356 372 447 497 715 747 897
735 136 275
736 106 215
737 0 1 3 5 9 13 14 21 29 31 45 48 61 65 93 99 133 189 201 269 405 496 541 813 995
738 1 2 5 7 17 37
739 2 7 80 163 412 827
740 0 3 100 203 306 615
741 1
742 1 386 775
743 0 2 3 6 7 12 15 24 27 42 51 87 132 267
744 2 7
745 1 5
746 0 1 3 5 9 13 21 29 45 93
747
748 2 7 14 31 68 82 136 139 167 275 352 692 707
749 0 1 2 3 7 9 12 17 20 27 43 50 57 66 89 103 112 135 156 209 227 262 273 315 342 457 526 527 633 687 792
750 1 406 815
751 308 619
752 0 3 6 15
753 1 2 5 7 13 17 37 50 77 103 209 262 398 421 527 799 845
754 1 2 5 7 14 17 20 31 37 43 65 82 89 106 112 133 167 181 215 227 337 388 433 457 542 677 779 869 917
755 0 3
756
757 1
758 0 1 2 3 7 9 12 17 22 27 47 57 72 97 147 297
759 2 7 22 47
760
761 0 1 3 5 6 9 15 21 33 69 86 175 264 268 353 531 539 709 798 810
762 1 5 13
763 2 7
764 0 2 3 7 12 27 38 79 120 202 243 407 612
765 1 14 31 65 128 194 259 391 521 785
766 1
767 0 3 38 68 79 98 120 139 199 210 243 300 423 603
768 2 7 134 271 682
769 1 2 5 7 13 17 29 37 77 157
770 0 1 3 5 6 9 15 21 24 33 51 69 105 213
771 14 31 100 203 506
772 20 43
773 0 1 2 3 7 9 12 17 27 57
774 1 2 7 17
775 268 539
776 0 3
777 1 5 20 43 89 181
778 1 2 5 7 13 17 29 37 61 77 125 157 253 317 509 637 706
779 0 2 3 6 7 12 15 27 42 87
780
781 1
782 0 1 3 9 14 31 48 65 86 98 99 175 199 201 264 300 353 401 531 603
783 2 7 22 47 80 163 412 440 827 883
784 2 7 22 47 188 190 379 383 952 962
785 0 1 3 5 9 13 21 45 134 271 278 408 545 559 819 840
786 1 5
787
788 0 2 3 6 7 12 14 15 27 31 42 48 82 87 99 150 167 252 303 507 762
789 1 2 7 17
790 1
791 0 3
792
793 1 2 5 7 17 37
794 0 1 2 3 5 7 9 12 13 17 21 27 37 45 57 77 117 237
795 20 43
796
797 0 1 3 6 9 15 24 33 51 78 105 159 321
798 1 2 7 17
799 2 7 14 31 82 167
800 0 3 20 43 66 135
801 1 5 13 29 61 125
802 1 5 50 103 209 421
803 0 2 3 7 12 27
804 2 7
805 1 14 31 38 65 79 161 286 575 694
806 0 1 3 6 9 15 33 50 103 156 209 315 474 633 951
807
808 2 7 22 38 47 79 122 188 202 247 379 407 952
809 0 1 2 3 5 7 9 12 17 21 22 27 37 47 57 72 97 117 147 197 297 597
810 1 5 13 29
811 590
812 0 3 226 455 684
813 1 2 7 17
814 1 2 7 17
815 0 3 6 15 236 460 475 714 923
816 14 31
817 1 5 13
818 0 1 2 3 5 7 9 12 17 20 21 27 37 43 57 66 89 112 117 135 181 227 273 342 457 549 687 724 917
819 2 7 68 139 352 707
820 310 623
821 0 1 3 9 176 355 534 713 938
822 1 14 31 65 80 163 329 356 715
823 2 7 20 43 112 227
824 0 2 3 6 7 12 15 24 27 42 51 87 132 267
825 1 5
826 1 5 13
827 0 3
828 2 7
829 1 2 7 17
830 0 1 3 9
831
832
833 0 1 2 3 5 6 7 9 12 13 14 15 17 21 22 27 29 31 33 37 42 45 47 48 57 65 69 72 77 82 87 93 97 99 117 133 141 147 150 157 167 177 197 201 222 237 252 269 285 286 297 303 337 357 397 405 422 447 477 507 541 575 597 609 677 717 762 797 813 847 864 897
834 1 2 5 7 17 22 37 47 97 197
835 856
836 0 3
837 1
838 1 2 7 17 68 139 281 352 707
839 0 2 3 7 12 14 27 31 48 82 99 167 252 507
840
841 1 5 20 43 89 181
842 0 1 3 5 6 9 13 15 21 29 33 45 61 69 93 141 189 285 573
843 2 7 100 203 512
844 2 7
845 0 1 3 9 106 215 324 433 651
846 1 20 38 43 79 89 161 566 940
847
848 0 2 3 7 12 27
849 1 2 5 7 13 17 37 38 77 79 161 202 325 407 653 656 817
850 1 5 14 31 65 86 133 175 176 353 355 709 713
851 0 3 6 15 24 51 128 259 304 390 611 783 918
852
853 1 2 7 17
854 0 1 2 3 7 9 12 17 27 57
855 50 103
856 14 31
857 0 1 3 5 9 21 160 323 486 560 649 975
858 1 2 5 7 13 17 22 37 47 77 97 197 397
859 2 7 22 47 50 103 122 164 247 262 331 527 832
860 0 3 6 15
861 1
862 1
863 0 2 3 7 12 27 106 215 324 542 651 680
864 2 7 20 43 112 227
865 1 5 13 29 61
866 0 1 3 5 9 21 80 163 246 329 495 661 993
867 14 31 164 331 394 791
868 2 7 98 199 502
869 0 1 2 3 6 7 9 12 15 17 20 27 33 42 43 57 66 87 89 112 135 177 204 227 273 342 411 457 544 687 825
870 1
871 86 175
872 0 3
873 1 2 5 7 14 17 31 37 65 82 133 167 337 677
874 1 2 5 7 13 17 29 37 77 100 136 157 203 275 409 512 553 692 821
875 0 3
876
877 1 194 391 785
878 0 1 2 3 6 7 9 12 15 17 24 27 33 42 51 57 78 87 105 132 159 177 267 321 402 537 807
879 2 7
880
881 0 1 3 5 9 13 21 45
882 1 5 160 323 649
883 2 7 22 47 98 199 460 502 923
884 0 2 3 7 12 14 22 27 31 47 48 72 82 99 147 167 252 422 507 847 916
885 1
886 1
887 0 3 6 15 20 38 43 66 79 120 135 136 204 243 275 366 411 414 735 831 940
888 2 7
889 1 2 5 7 17 37 190 304 383 611 769 962
890 0 1 3 5 9 13 14 21 31 38 45 48 65 68 79 99 120 133 139 161 201 210 243 269 281 325 405 423 489 565 653 694 813 849 981
891
892 20 43
893 0 1 2 3 7 9 12 17 27 57
894 1 2 7 17
895
896 0 3 6 15 128 259 390 783
897 1 5 13 29
898 1 2 5 7 17 37
899 0 2 3 7 12 27
900
901 1 14 31 65
902 0 1 3 9
903 2 7
904 2 7
905 0 1 3 5 6 9 15 21 24 33 51 69 80 105 134 163 213 246 271 329 408 495 545 661 744 819 993
906 1 5 13 29 61 125
907 14 31
908 0 2 3 7 12 22 27 47 50 72 103 147 156 262 308 315 527 619 792 930
909 1 2 7 17 22 47 68 97 139 281 346 352 695 707
910 1 20 43 89
911 0 3
912 50 103
913 1 2 5 7 13 17 37 77
914 0 1 2 3 5 6 7 9 12 15 17 21 27 33 37 42 57 69 87 117 177 357
915 20 43
916
917 0 1 3 9
918 1 2 7 14 17 31 65 82 167 337
919 2 7
920 0 3 430 863 974
921 1 5
922 1 5 13 134 271 545
923 0 2 3 6 7 12 15 27 42 87
924 2 7 14 31 82 167
925 1
926 0 1 3 9 418 506 839
927
928 2 7 38 79 202 407
929 0 1 2 3 5 7 9 12 13 17 21 27 29 37 45 57 61 77 93 117 125 157 189 237 253 317 334 381 477 509 637 671 765 957
930 1 5
931 38 79
932 0 3 6 15 24 51
933 1 2 7 17 20 22 43 47 89 97 112 122 224 227 247 451 457 497 572 905
934 1 2 7 17 22 47 97
935 0 3 14 31 48 99
936 610
937 1 5 446 730 895
938 0 1 2 3 5 7 9 12 13 17 20 21 27 29 37 43 45 57 66 77 89 93 112 117 135 157 181 227 236 237 273 342 365 457 475 477 549 687 714 733 917 953
939 2 7 86 175 442 887
940
941 0 1 3 6 9 14 15 31 33 48 65 99 150 201 303 609
942 1
943 2 7
944 0 2 3 7 12 27 226 386 455 684 775
945 1 5 13
946 1 5 100 203 409 821
947 0 3
948 2 7
949 1 2 7 17 80 163 329 412 827
950 0 1 3 6 9 15 33
951
952 14 31
953 0 1 2 3 5 7 9 12 17 21 27 37 57 117
954 1 2 5 7 13 17 37 77 106 215 310 433 542 623 869
955
956 0 3 20 43 66 135
957 1
958 1 2 7 14 17 22 31 47 65 82 97 167 337 422 847
959 0 2 3 6 7 12 15 22 24 27 42 47 51 72 78 87 132 147 159 222 224 240 267 402 447 451 483 672 678 807
960 86 175
961 1 5 13 20 29 43 50 68 89 103 139 181 209 281 365 421 565 733 845
962 0 1 3 5 9 21 194 391 584 588 785
963 2 7
964 2 7
965 0 1 3 9 50 103 156 209 315 633
966 1
967 598
968 0 2 3 6 7 12 15 27 42 87
969 1 2 5 7 14 17 31 37 38 65 79 82 98 133 161 167 199 202 325 337 401 407 502 677 694 805 817
970 1 5 13 29 61
971 0 3
972 38 79 106 215 314 631
973 1 2 7 17
974 0 1 2 3 7 9 12 17 27 57
975 14 31 188 379 436 875
976
977 0 1 3 5 6 9 13 15 21 33 45 69 100 141 190 203 306 383 409 576 615 769 821 924
978 1 2 5 7 17 37
979 2 7 20 43 112 227
980 0 3 68 139 210 423
981 1 334 671
982 1 128 259 521
983 0 2 3 7 12 22 27 47 72 147
984 2 7 20 22 43 47 98 112 122 199 227 247 502 572 622
985 1 5 398 799 904
986 0 1 3 5 6 9 13 14 15 21 24 31 33 45 48 51 65 69 99 105 133 141 150 201 213 269 303 394 405 429 456 609 791 813 915
987
988 2 7 80 163 412 827
989 0 1 2 3 7 9 12 17 27 57
990 1
991 568
992 0 3 14 31 48 99
993 1 2 5 7 13 17 29 37 61 77 157 317
994 1 2 5 7 17 37
995 0 3 6 15 278 559 584 840
996
997 1
998 0 1 2 3 7 9 12 17 27 57
999 2 7 188 379 952
