0 8 19
1 1 2 7 17
2 0 1 3 9
3
4 8 19
5 0 1 3 5 9 13 21 45
6 1 2 5 7 13 17 37 77
7 56 115
8 0 3 6 15 24 51 78 159
9 1 50 103 209
10 1 64 131 265
11 0 2 3 7 8 12 19 27 30 52 63 107 162 327
12 196 395
13 1 5 56 115 233 469
14 0 1 3 5 9 20 21 43 66 89 135 181 273 549
15 8 19 26 55 316 635
16 2 7 70 143 362 727
17 0 1 3 6 9 15 20 33 43 66 89 135 204 273 411 825
18 1 230 463 929
19 518
20 0 3 190 383 576
21 1 2 5 7 13 17 29 37 61 77 125 157 253 317 637
22 1 5 8 13 19 29 41 61 85 125 173 349 701
23 0 3 254 511 768
24 26 55 838
25 1 454 911
26 0 1 2 3 6 7 8 9 12 15 17 19 27 30 33 41 42 52 57 63 87 96 107 129 162 177 195 217 327 393 492 657 987
27
28
29 0 1 3 5 9 21 100 203 306 409 615 821
30 1 5 328 659
31 2 7 280 563
32 0 3 500
33 1 8 19 41 70 143 289 800
34 1 850
35 0 3 6 15 24 51 64 131 198 399 600
36 2 7 380 763
37 1 5 8 13 19 20 41 43 85 89 173 181 250 365 503
38 0 1 3 5 9 13 21 45 86 175 264 353 531 709
39
40 20 43 100 203
41 0 1 2 3 7 9 12 17 27 57 80 163 246 329 412 495 827 993
42 1
43
44 0 3 6 8 15 19 26 30 55 63 84 96 171 195 258 316 519 635 954
45 1 5 748
46 1 2 5 7 17 37 154 311 625 782
47 0 3
48 8 19 308 619
49 1
50 0 1 3 9 616
51 2 7 770
52
53 0 1 3 5 6 9 13 15 21 26 29 33 45 55 69 84 93 113 141 171 229 258 285 345 461 519 693 925
54 1 5 13 29 268 539
55 8 19 406 815
56 0 2 3 7 12 27 308 619 930
57 1
58 1
59 0 3 8 19 30 63 154 311 468 939
60 20 43 230 463
61 1 2 5 7 17 37 274 551
62 0 1 3 5 6 9 15 21 24 33 50 51 69 103 105 156 209 213 315 421 474 633 951
63 20 43 254 511
64
65 0 1 3 9
66 1 2 7 8 17 19 41 52 56 107 115 217 233 292 587 646
67
68 0 3
69 1 5 13 884
70 1 5 8 13 19 41 80 85 163 173 329 661 910
71 0 2 3 6 7 12 15 27 42 87 164 331 498 832 999
72 56 115 128 259
73 1 26 55 113 134 271 545
74 0 1 3 9
75
76 2 7
77 0 1 3 5 8 9 19 21 30 41 63 64 85 129 131 198 261 265 399 533 734 801
78 1 5
79
80 0 3 6 15
81 1 2 7 8 17 19 41 52 86 107 175 217 353 442 887 976
82 1 26 55 113 170 343 689
83 0 3 20 43 66 135 146 295 444 891
84
85 1 5 13 29 61 334 671
86 0 1 2 3 5 7 9 12 13 17 20 21 27 29 37 43 45 57 61 66 77 89 93 112 117 135 157 181 189 227 237 273 317 342 365 457 477 549 687 733 917 957
87
88 8 19
89 0 1 3 6 9 15 24 33 51 70 78 105 143 159 216 289 321 435 654 873
90 1
91 2 7
92 0 3 8 19 30 63 380 763
93 1 5
94 1 5
95 0 3
96 2 7
97 1
98 0 1 3 6 9 15 33 794
99 8 19 118 239
100
101 0 1 2 3 5 7 9 12 13 17 21 27 37 45 57 77 117 124 237 251 378 505 632 759
102 1 5 13 26 55 64 113 131 229 265 461 533
103 8 19 118 128 239 259
104 0 3
105 1
106 1 2 7 17 20 43 70 89 112 143 227 289 362 457 727
107 0 3 6 15
108
109 1 5 20 43 89 181 190 383 769
110 0 1 3 5 8 9 19 21 30 41 63 85 129 134 261 271 408 545 819
111 2 7 26 55 124 142 251 287 632
112
113 0 1 3 9
114 1 8 19 41 880
115 50 103 370 743
116 0 2 3 6 7 12 15 24 27 42 51 87 132 146 267 295 444 742 891
117 1 5 13 29
118 1 5 13 29
119 0 3
120
121 1 2 7 8 17 19 41 52 107 196 217 395 793 992
122 0 1 3 9
123
124 80 163 274 551
125 0 1 3 5 6 8 9 15 19 21 30 33 41 56 63 69 85 96 115 129 174 195 233 261 351 393 469 528 646 705 789
126 1 2 5 7 17 37
127 86 175 268 539
128 0 3
129 1 20 43 89 538
130 1
131 0 2 3 7 12 26 27 55 56 84 115 142 171 174 287 292 351 432 587 867 882
132 8 19 20 43 100 203 250 503
133 1 5 13
134 0 1 3 5 6 9 13 15 21 33 45 69 141 370 743
135
136 2 7 8 19 52 107 500
137 0 1 3 9
138 1
139
140 0 3 26 55 84 171 334 671
141 1 2 5 7 17 37
142 1 5
143 0 3 6 8 15 19 24 30 51 63 96 100 195 203 294 306 591 615 924
144 64 131 460 923
145 1
146 0 1 2 3 7 9 12 17 27 57
147 8 19
148
149 0 1 3 5 9 13 21 29 45 61 93 125 170 189 343 381 516 689
150 1 5 13 29 61 125 253 260 523
151 2 7
152 0 3 6 15 20 43 66 135 164 204 331 411 498 999
153 1 80 163 208 329 419 841
154 1 8 19 41
155 0 3 20 43 66 135 518
156 2 7
157 1 5
158 0 1 3 5 8 9 19 21 30 41 63 85 129 261 280 563 846
159
160 26 55
161 0 1 2 3 6 7 9 12 15 17 27 33 42 57 87 177 428 859
162 1 70 143 266 289 535
163
164 0 3
165 1 5 8 13 19 41 85 173 460 923
166 1 2 5 7 13 17 37 77
167 0 3
168 50 103 794
169 1 8 19 26 41 55 64 113 131 265 316 635 734
170 0 1 3 6 9 15 24 33 51 78 86 105 159 175 240 264 321 353 483 531 798 969
171 2 7
172
173 0 1 3 5 9 21
174 1 5
175 20 43
176 0 2 3 7 8 12 19 27 30 52 63 107 162 278 327 559 840
177 1
178 1 20 43 89
179 0 3 6 15 70 143 216 435 654
180 8 19
181 1 2 5 7 13 17 29 37 77 157 610
182 0 1 3 5 9 13 21 29 45 93
183
184 56 115 856
185 0 1 3 9
186 1 2 7 17
187 8 19
188 0 3 6 15
189 1 5 26 55 113 229 458 919
190 1 5 56 115 226 233 455 469 913
191 0 2 3 7 8 12 19 27 30 52 63 107 162 327 328 659 990
192 226 238 455 479
193 1
194 0 1 3 9
195
196 2 7
197 0 1 3 5 6 9 13 15 21 24 33 45 51 69 105 141 213 266 429 535 804
198 1 5 8 13 19 20 26 41 43 55 85 89 113 173 181 229 250 316 365 461 503 635 664
199 208 278 419 559
200 0 3
201 1 2 7 17 20 43 89 112 227 260 457 523
202 1 8 19 41
203 0 3 128 154 259 311 390 468 783 939
204
205 1 5
206 0 1 2 3 5 6 7 9 12 15 17 21 27 33 37 42 57 69 87 117 177 350 357 703
207 80 163 770
208
209 0 1 3 8 9 19 30 41 63 129 988
210 1 134 238 271 479 545 961
211 2 7 64 131 196 332 395 667 992
212 0 3
213 1 5 8 13 19 29 41 61 85 173 190 349 383 701 769
214 1 5 13 29 61
215 0 3 6 15
216 2 7 86 154 175 311 442 782 887
217 1
218 0 1 3 9 26 55 84 113 171 345 406 815
219
220 8 19 118 239 596
221 0 1 2 3 5 7 9 12 17 20 21 27 37 43 50 57 66 89 103 112 117 135 156 181 209 227 262 273 315 342 421 457 527 549 633 687 792 917
222 1 5
223
224 0 3 6 8 15 19 20 24 30 43 51 63 66 96 118 135 195 204 239 250 294 360 411 503 591 618 723 756
225 1
226 1 2 7 17
227 0 3 26 55 84 171 884
228 124 251 610
229 1 5 13
230 0 1 3 5 9 13 21 45
231 2 7 8 19 52 107
232 146 295 538
233 0 1 3 6 9 15 33
234 1 128 259 310 521 623
235 8 19 70 100 143 203 800
236 0 2 3 7 12 27 64 80 131 163 198 246 332 399 412 495 667 827
237 1 5
238 1 5 124 164 251 331 505 665
239 0 3
240
241 1 2 7 17
242 0 1 3 6 8 9 15 19 30 33 41 63 96 129 195 393 440 883
243 56 115
244 20 43
245 0 1 3 5 9 13 21 29 45 93
246 1 2 5 7 8 13 17 19 29 37 41 52 77 85 100 107 157 173 203 217 349 409 437 512 821 877
247 20 26 43 55 134 271 664
248 0 3
249 1 56 115 233 784
250 1
251 0 2 3 6 7 12 15 24 27 42 51 78 87 132 159 230 267 402 463 696 807
252 70 143
253 1 5 8 19 41 85
254 0 1 3 5 9 21
255 170 343 560
256 2 7 26 55 142 287 674
257 0 1 3 8 9 19 30 41 63 129
258 1
259 86 175
260 0 3 6 15
261 1 2 5 7 13 17 37 77
262 1 5 13
263 0 3
264 8 19
265 1 146 295 350 593 703
266 0 1 2 3 7 9 12 17 27 57
267 20 43
268 8 19
269 0 1 3 5 6 9 15 21 33 69
270 1 5 20 43 89 181
271 2 7
272 0 3
273 1
274 1 50 103 209
275 0 3 8 19 30 63
276 2 7 26 55 142 287 784
277 1 5 13 29 61 125 253 446 509 895
278 0 1 3 5 6 9 13 15 21 24 29 33 45 51 61 64 69 93 105 125 131 141 189 198 213 265 285 381 399 429 533 573 600 801 861
279 8 19
280 254 454 511 911
281 0 1 2 3 7 9 12 17 27 57
282 1
283
284 0 3
285 1 5 26 55 113 229
286 1 2 5 7 8 17 19 37 41 52 85 107 217 437 554
287 0 3 6 15
288 310 394 623 791
289 1
290 0 1 3 8 9 19 20 30 41 43 63 66 80 89 129 135 163 246 250 273 329 495 503 756 910 993
291 2 7
292
293 0 1 3 5 9 13 20 21 43 45 66 89 135 181 230 273 365 463 549 696 929
294 1 5 13
295
296 0 2 3 6 7 12 15 27 42 87
297 1 8 19 41
298 1
299 0 3
300
301 1 2 5 7 8 17 19 37 41 52 85 107 217 437 614
302 0 1 3 5 9 21 56 115 174 190 233 351 383 469 576 705 769
303 64 131
304
305 0 1 3 6 9 15 24 26 33 51 55 84 86 105 113 171 175 258 264 345 353 519 531 780 798
306 1 2 7 17
307
308 0 3 8 19 30 56 63 70 115 143 174 216 351 435 646 800
309 1 5 13 29
310 1 5 13 29
311 0 2 3 7 12 27
312 8 19
313 1 20 43 89
314 0 1 3 6 9 15 26 33 55 84 113 171 258 280 345 519 563 846
315
316 2 7 20 43 112 227
317 0 1 3 5 9 21
318 1 5
319 8 19 80 163 164 331 910
320 0 3 196 254 395 511 594 768
321 1 2 7 17
322 1 170 343 446 689 895
323 0 3 6 8 15 19 30 63 96 195
324
325 1 5 13 70 143 268 289 539 581
326 0 1 2 3 5 7 9 12 13 17 21 27 37 45 57 77 117 237
327 50 103
328
329 0 1 3 9
330 1 8 19 41
331 2 7
332 0 3 6 15 24 51 78 159
333 1 5
334 1 5 8 19 26 41 55 85 113 128 229 259 316 521 635
335 0 3
336 2 7 20 43 112 227
337 1
338 0 1 3 9 100 203 274 306 409 551 615 828
339 20 43
340
341 0 1 2 3 5 6 7 8 9 12 13 15 17 19 21 27 29 30 33 37 41 42 45 52 57 61 63 69 77 85 87 93 96 107 117 118 129 141 157 162 173 177 189 195 217 237 239 261 285 317 327 349 357 360 393 437 477 481 492 525 573 602 657 701 717 723 789 877 957 965 987
342 1 5 13 29 61
343 26 55
344 0 3
345 1 8 19 41 64 118 131 239 265 481 734
346 1 2 7 17
347 0 3 134 271 408 436 819 875
348 86 175
349 1 5 100 203 409 440 821 883
350 0 1 3 5 6 9 15 21 33 69
351 2 7
352 8 19
353 0 1 3 9
354 1
355 124 251
356 0 2 3 7 8 12 19 27 30 52 63 107 162 327
357 1 5 13
358 1 5 13
359 0 3 6 15 20 24 43 51 66 135 204 308 411 618 619 930
360 154 311
361 1 2 7 17 56 115 233 292 328 587 659
362 0 1 3 9 20 43 66 89 135 273
363 8 19 26 55 316 616 635
364 208 419 938
365 0 1 3 5 9 21 124 128 251 259 378 390 505 521 759 783
366 1 2 5 7 17 37
367 8 19 56 115 308 619 646
368 0 3 6 15
369 1
370 1 64 131 265
371 0 2 3 7 12 27
372 26 55
373 1 5 13 29 80 154 163 311 329 625 661
374 0 1 3 5 8 9 13 19 21 29 30 41 45 63 85 93 129 173 261 349 394 525 791
375
376 2 7
377 0 1 3 6 9 15 33
378 1 8 19 41
379
380 0 3 50 103 156 315
381 1 2 5 7 17 37 70 143 146 289 295 362 581 593 727 742
382 1 5 20 43 89 181
383 0 3
384 134 271
385 1 8 19 20 41 43 89 250 436 503 875
386 0 1 2 3 6 7 9 12 15 17 24 27 33 42 51 57 87 105 132 177 267 537 824
387
388
389 0 1 3 5 8 9 13 19 21 30 41 45 63 85 129 173 261 525 856
390 1 5 13
391 2 7
392 0 3 26 55 84 171
393 1
394 1 86 175 353
395 0 3 6 15
396 2 7 8 19 52 107
397 1 5
398 0 1 3 5 9 21 70 143 216 268 289 435 539 581 810 873
399
400 8 19
401 0 1 2 3 7 9 12 17 26 27 55 57 84 113 142 171 274 287 345 432 551 577 828 867
402 1 80 163 329
403
404 0 3 6 15
405 1 5 13 20 29 43 61 89 125 164 181 331 365 665 733
406 1 2 5 7 13 17 29 37 61 77 125 157 190 253 317 383 509 637 769 962
407 0 3 8 19 30 63
408 20 43
409 1
410 0 1 3 9 196 208 395 419 594 630 793 841
411 2 7 8 19 52 107
412 64 131
413 0 1 3 5 6 9 15 21 24 33 51 69 78 105 159 213 240 260 321 483 523 645 786 969
414 1 5 146 295 428 593 859
415
416 0 2 3 7 12 27
417 1
418 1 8 19 41
419 0 3 226 380 455 684 763
420 56 115
421 1 2 5 7 13 17 26 37 55 77 113 142 226 229 287 455 461 577 913
422 0 1 3 5 6 8 9 13 15 19 21 30 33 41 45 63 69 85 96 129 141 173 195 261 334 393 525 671 789
423
424
425 0 1 3 9
426 1 2 7 17 56 115 233 292 458 587 919
427
428 0 3 20 43 66 135 170 343 516 526
429 1 5 8 19 41 85
430 1 5 26 55 113 229
431 0 2 3 6 7 12 15 20 27 42 43 66 87 112 135 204 227 266 342 411 535 687 804
432
433 1 8 19 41 50 103 209 238 479 580 961
434 0 1 3 9
435
436 2 7
437 0 1 3 5 9 13 21 29 45 64 86 93 131 175 198 264 265 353 399 531 533 709 801
438 1 5 13 29
439
440 0 3 6 8 15 19 24 30 51 63 96 195 294 591 974
441 1 2 7 17 100 203 280 409 512 563
442 1
443 0 3
444 8 19
445 1 5
446 0 1 2 3 5 7 9 12 17 21 27 37 57 117
447
448
449 0 1 3 6 9 15 33
450 1 26 55 113
451 2 7 8 19 20 43 52 107 112 227 238 250 479 503
452 0 3 100 203 306 615 988
453 1 5 13
454 1 5 13 20 43 70 89 143 181 289 365 526 581
455 0 3 8 19 30 63
456 2 7 80 163 412 748 827
457 1 278 554 559
458 0 1 3 6 9 15 33
459 26 55
460
461 0 1 2 3 5 7 9 12 17 21 27 37 57 117
462 1 5 8 19 41 85 118 239 481 658 965
463
464 0 3 260 406 523 786 815
465 1 128 259 521
466 1 2 7 8 17 19 41 52 107 118 217 239 266 481 535 602
467 0 3 6 15 24 51
468
469 1 5 13 29 61
470 0 1 3 5 9 13 21 29 45 61 93 189
471 2 7 70 143 362 727 908
472
473 0 1 3 8 9 19 30 41 63 129
474 1 20 43 89
475 380 763 880
476 0 2 3 6 7 12 15 27 42 87
477 1 5 8 19 20 41 43 85 89 181 250 334 503 671
478 1 5
479 0 3 26 55 56 64 84 115 131 171 174 198 351 399
480 278 559
481 1 2 7 17
482 0 1 3 9 124 251 378 454 505 759 911
483 86 175
484 8 19 134 230 271 463
485 0 1 3 5 6 9 13 15 21 33 45 56 69 80 115 141 163 174 233 246 329 351 469 495 528 661 705 744 941 993
486 1 2 5 7 13 17 37 50 77 103 164 209 262 331 421 527 665 832 845
487
488 0 3 8 19 26 30 55 63 84 171 316 370 635 743 954
489 1
490 1
491 0 2 3 7 12 27
492 124 251
493 1 5
494 0 1 3 5 6 9 15 21 24 33 51 69 78 105 159 213 321 645
495 8 19 170 190 343 383
496 2 7 128 259 560 652
497 0 1 3 9 20 43 66 89 135 273
498 1
499 8 19
500 0 3 20 43 66 135
501 1 2 5 7 13 17 29 37 77 157
502 1 5 13 29
503 0 3 6 15
504 64 131
505 1
506 0 1 2 3 7 8 9 12 17 19 27 30 41 52 57 63 107 129 162 217 327 657
507 370 743
508 26 55
509 0 1 3 5 9 21
510 1 5 8 19 41 85
511 2 7
512 0 3 6 15
513 1
514 1
515 0 3
516 2 7
517 1 5 8 13 19 26 41 55 85 113 154 173 229 311 316 461 625 635
518 0 1 3 5 9 13 21 45
519 196 395
520 20 43
521 0 1 2 3 6 7 8 9 12 15 17 19 24 27 30 33 41 42 51 52 57 63 87 96 105 107 129 132 134 162 177 195 217 267 271 294 327 393 408 492 537 545 591 657 682 819 987
522 1 328 614 659
523 20 43
524 0 3
525 1 5
526 1 2 5 7 17 37 86 175 230 353 442 463 709 887 929
527 0 3 70 143 216 435
528 8 19
529 1
530 0 1 3 6 9 15 33 146 154 295 311 444 468 593 625 891 939
531 2 7
532 8 19
533 0 1 3 5 9 13 21 29 45 61 93 125 189 253 381 765
534 1 5 13 29 61 125
535 500 850
536 0 2 3 7 12 27
537 1 26 55 113 254 511 838
538 1 56 115 233
539 0 3 6 8 15 19 30 50 63 80 96 103 156 163 195 246 315 474 495 580 744 910 951
540 518 836
541 1 2 5 7 17 37
542 0 1 3 5 9 21
543 8 19 20 43 250 503
544 56 70 100 115 143 203
545 0 1 3 9
546 1 2 7 17 20 26 43 55 64 89 112 113 131 142 227 265 287 332 457 577 664 667
547 310 623
548 0 3 6 15 24 51
549 1 5 13
550 1 5 8 13 19 41 85 173
551 0 2 3 7 12 27
552
553 1
554 0 1 3 8 9 19 30 41 63 129
555 100 203
556 2 7
557 0 1 3 5 6 9 15 21 33 69
558 1 5
559 350 703
560 0 3
561 1 2 7 8 17 19 41 52 107 217
562 1
563 0 3 146 295 444 891
564
565 1 5 8 13 19 29 41 85 173 349
566 0 1 2 3 5 6 7 9 12 13 15 17 20 21 26 27 29 33 37 42 43 45 55 57 66 69 77 84 87 89 93 112 113 117 135 141 142 157 171 177 181 204 227 229 237 258 273 285 287 342 345 357 365 411 432 457 461 477 519 549 577 664 687 693 717 733 825 867 917 925
567
568 80 163
569 0 1 3 9 20 43 66 89 135 273
570 1
571 2 7 64 131 332 667
572 0 3 8 19 30 63 86 164 175 264 331 498 531 976 999
573 1 5
574 1 5
575 0 3 6 15 24 26 51 55 78 84 159 171 208 258 419 519 630 780
576 2 7 8 19 52 107
577 1 254 511 968
578 0 1 3 9
579 596 836
580
581 0 1 2 3 5 7 9 12 13 17 21 27 37 45 57 77 117 237
582 1 5 13
583 8 19 118 239
584 0 3 6 15
585 1
586 1 2 7 17
587 0 3 8 19 30 63 118 239 360 723
588
589 1 5 20 43 89 181
590 0 1 3 5 9 21
591 2 7
592 20 43 50 103 428 859
593 0 1 3 6 9 15 33
594 1 8 19 41
595 26 55
596 0 2 3 7 12 27 128 259 268 390 539 652 783 810
597 1 5 13 29 56 61 115 233 280 469 563 941
598 1 5 8 13 19 29 41 61 85 173 349 701
599 0 3 190 383 576 926
600 70 143
601 1 2 7 17 170 310 343 623 689 862
602 0 1 3 6 9 15 24 33 51 105
603 56 115
604 26 55
605 0 1 3 5 8 9 19 21 30 41 63 85 129 261
606 1 2 5 7 17 37
607 460 923
608 0 3
609 1 8 19 41 124 196 251 395 505 793
610 1
611 0 2 3 6 7 12 15 27 42 87
612 20 43
613 1 5 13 64 131 265 533
614 0 1 3 5 9 13 21 45
615 20 43 86 175 274 551
616 2 7 8 19 52 107
617 0 1 3 9 70 143 216 289 435 873
618 1 350 703 808
619 124 251
620 0 3 6 8 15 19 30 63 96 195
621 1 2 5 7 17 37 134 208 271 419 545 682 841
622 1 5 80 163 329 661
623 0 3
624 26 55
625 1
626 0 1 2 3 7 9 12 17 27 57
627 8 19 128 259 406 815
628 460 923
629 0 1 3 5 6 9 13 15 21 24 29 33 45 51 69 93 105 141 213 285 429 861
630 1 5 13 29
631 2 7 8 19 52 107
632 0 3
633 1 26 55 113
634 1
635 0 3 20 43 66 135
636 2 7
637 1 5
638 0 1 3 5 6 8 9 15 19 20 21 30 33 41 43 63 64 66 69 85 89 96 129 131 135 181 195 198 204 250 261 265 273 393 399 411 503 533 549 600 734 756 789 801 825
639 500
640 658 926
641 0 1 2 3 7 9 12 17 27 57
642 1 8 19 41
643
644 0 3
645 1 5 13 50 103 209 421 845
646 1 2 5 7 13 17 37 77
647 0 3 6 15 100 203 306 615 674 924
648 226 455
649 1 8 19 41
650 0 1 3 9 226 455 458 684 913 919
651 2 7 80 163 412 827
652
653 0 1 3 5 8 9 19 21 26 30 41 55 63 84 85 113 129 164 171 229 261 316 331 345 498 635 665 693 954 999
654 1 5
655
656 0 2 3 6 7 12 15 24 27 42 51 56 78 87 115 132 159 174 240 267 292 351 402 483 528 587 726 807 882
657 1
658 1 20 43 89 100 134 203 271 409 545
659 0 3
660 8 19
661 1 2 5 7 13 17 20 29 37 43 61 77 86 89 112 125 157 175 181 227 317 353 365 442 457 637 709 733 887 917
662 0 1 3 5 9 13 21 26 29 45 55 56 61 84 93 113 115 125 171 174 189 229 233 253 345 351 381 461 469 693 705 765 925 941
663
664 8 19
665 0 1 3 6 9 15 33
666 1 2 7 17
667
668 0 3 170 343 516
669 1 5 268 539 616
670 1 5 308 538 619
671 0 2 3 7 8 12 19 27 30 52 63 107 162 327
672
673 1 70 143 289
674 0 1 3 6 9 15 33 154 238 311 468 479 625 720 939 961
675 8 19
676 2 7 260 518 523
677 0 1 3 5 9 13 21 45
678 1 5 13 274 308 551 619
679 146 295
680 0 3 64 131 198 399
681 1 2 7 17 20 43 89 112 227 457
682 1 8 19 26 41 55 113 316 635
683 0 3 6 15 24 51
684 20 43
685 1 5 394 440 791 883
686 0 1 2 3 5 7 8 9 12 17 19 21 27 30 37 41 52 57 63 85 107 117 129 162 217 261 327 437 657
687 154 311
688 190 383
689 0 1 3 9
690 1 70 143 289
691 2 7 26 55 142 287
692 0 3 6 15 238 328 479 659 720 990
693 1 5 8 13 19 29 41 85 173 349
694 1 5 13 29
695 0 3
696 2 7
697 1 8 19 41
698 0 1 3 9 50 103 156 209 315 633
699
700 266 535
701 0 1 2 3 5 6 7 9 12 15 17 21 27 33 37 42 57 69 87 117 177 357
702 1 5
703
704 0 3 8 19 20 30 43 63 66 86 118 135 175 239 250 264 360 503 531 723 756 976
705 1 64 80 131 163 265 329
706 1 2 7 17
707 0 3 20 43 66 135
708 8 19 118 239
709 1 5 13
710 0 1 3 5 6 9 13 15 21 24 33 45 51 69 105 141 213 429
711 2 7 26 55 142 287
712 146 295
713 0 1 3 9
714 1
715 8 19 56 115 646
716 0 2 3 7 12 27
717 1 5 230 463 824 929
718 1 5 196 395 793 968
719 0 3 6 8 15 19 30 63 96 195
720 26 55
721 1 2 7 17 56 115 233 292 587
722 0 1 3 9
723
724 280 563
725 0 1 3 5 9 13 21 29 45 61 93 189
726 1 2 5 7 8 13 17 19 29 37 41 52 61 77 85 107 157 173 217 317 349 437 446 701 877 895
727 20 43 128 259 260 523
728 0 3 6 15
729 1
730 1 8 19 20 41 43 89 250 503
731 0 2 3 7 12 27
732
733 1 5
734 0 1 3 5 9 21 80 163 246 329 495 661 808 993
735 266 535
736 2 7 124 251 632
737 0 1 3 6 8 9 15 19 24 30 33 41 51 63 78 96 105 129 159 195 294 321 393 454 591 888 911
738 1 278 559
739 164 331
740 0 3 26 55 84 171
741 1 2 5 7 8 13 17 19 37 41 52 77 85 107 173 217 437 877
742 1 5 13
743 0 3
744 908
745 1
746 0 1 2 3 6 7 9 12 15 17 27 33 42 57 70 87 124 143 177 216 251 289 362 378 435 505 632 654 727 759 873
747 64 131
748 8 19
749 0 1 3 5 9 21 26 55 84 113 171 229 345 693
750 1 5 20 43 86 89 100 175 181 203 353 409 709 821
751 2 7 50 103 262 527
752 0 3 8 19 30 63
753 1 20 43 89
754 1
755 0 3 6 15
756 2 7
757 1 5 13 29
758 0 1 3 5 9 13 21 29 45 93 128 134 259 271 390 408 521 545 783 819
759 8 19 230 334 463 671
760
761 0 1 2 3 7 9 12 17 27 57 100 203 278 306 409 512 559 615 840
762 1
763 8 19 70 143 800
764 0 3 6 15 24 51
765 1 5
766 1 2 5 7 17 37
767 0 3
768
769 1 26 55 113
770 0 1 3 8 9 19 30 41 63 129
771 2 7 394 446 791 895
772 64 131
773 0 1 3 5 6 9 13 15 20 21 33 43 45 66 69 89 135 141 181 204 273 365 411 538 549 825
774 1 5 8 13 19 41 56 85 115 170 173 233 343 469 646 689 941
775
776 0 2 3 7 12 20 27 43 66 112 135 227 342 687
777 1
778 1 26 55 113
779 0 3
780 56 115
781 1 2 5 7 8 17 19 37 41 52 85 107 217 437
782 0 1 3 5 6 9 15 21 33 69
783
784
785 0 1 3 8 9 19 30 41 63 129
786 1 2 7 17 208 419 436 841 875
787
788 0 3 80 163 246 495
789 1 5 13 29 61 125 253 509
790 1 5 13 29 61 125
791 0 2 3 6 7 12 15 24 27 42 51 87 132 267
792 8 19 190 383 440 883
793 1 86 175 353
794 0 1 3 9 254 511 610 768
795 134 271
796 2 7 8 19 20 43 52 107 112 227 250 503 748
797 0 1 3 5 9 21
798 1 5 26 55 113 229
799 20 43
800 0 3 6 15
801 1 2 7 17
802 1 380 763
803 0 3 8 19 30 63
804 50 103
805 1 5 13
806 0 1 2 3 5 7 9 12 13 17 21 27 37 45 57 77 117 237
807 8 19 26 55 316 635
808 196 395
809 0 1 3 6 9 15 33
810 1
811 2 7
812 0 3
813 1 5
814 1 5 8 19 41 64 85 131 265 334 533 671 734
815 0 3
816 2 7
817 1 80 163 329
818 0 1 3 6 8 9 15 19 24 30 33 41 51 63 78 96 105 129 159 195 294 321 393 560 591 888
819 20 43 70 143 596
820 164 331
821 0 1 2 3 5 7 9 12 13 17 21 27 29 37 45 57 77 93 117 157 237 477
822 1 5 13 20 29 43 89 181 365 733
823
824 0 3 436 770 875
825 1 8 19 41 118 239 481
826 1 2 7 17
827 0 3 6 15 26 55 84 171 258 519
828 146 295
829 1 5 8 19 41 85 118 239 481 965
830 0 1 3 5 9 21
831 2 7 154 311 782
832 208 419
833 0 1 3 9 56 115 174 233 351 705
834 1 254 511
835
836 0 2 3 6 7 8 12 15 19 26 27 30 42 52 55 63 70 84 87 96 107 142 143 162 171 195 216 258 287 316 327 362 432 435 492 519 635 654 727 800 867 954 987
837 1 5 13
838 1 5 13
839 0 3 56 64 86 115 131 174 175 198 264 351 399 531
840 8 19
841 1 2 7 17 170 343 610 689 862
842 0 1 3 9 20 43 66 89 135 273
843 554
844 154 311
845 0 1 3 5 6 9 15 20 21 24 33 43 51 66 69 89 105 135 181 204 213 273 411 428 549 618 825 859
846 1 2 5 7 17 37
847 8 19
848 0 3
849 1
850 1
851 0 2 3 7 8 12 19 27 30 52 63 107 162 327
852
853 1 5 13 29 61 100 203 328 409 659 821
854 0 1 3 5 6 9 13 15 21 29 33 45 61 69 93 141 189 285 573
855
856 2 7 26 55 142 287
857 0 1 3 9 50 103 156 209 315 633
858 1 8 19 41 128 259 380 521 763
859
860 0 3 310 623 936
861 1 2 5 7 17 37 146 295 370 593 742 743
862 1 5 8 19 41 85
863 0 3 6 15 124 251 378 759 974
864 100 203
865 1 20 26 43 55 89 113 664 838
866 0 1 2 3 7 9 12 17 27 57
867 268 539
868 20 43
869 0 1 3 5 8 9 13 19 21 30 41 45 63 85 129 173 261 525
870 1 5 13
871 2 7 80 163 412 827
872 0 3 6 15 24 51
873 1 8 19 41 124 251 406 505 815
874 1
875 0 3
876 2 7
877 1 5 226 455 913
878 0 1 3 5 9 21
879 226 455
880 8 19 280 370 563 743
881 0 1 2 3 6 7 9 12 15 17 27 33 42 57 64 87 131 177 190 198 265 332 383 399 576 600 667 769 801 962
882 1 86 175 353
883
884 0 3 8 19 30 63
885 1 5 13 26 29 55 113 229 461 925
886 1 2 5 7 13 17 29 37 77 157
887 0 3 458 850 919
888 20 43
889 1 128 259 521
890 0 1 3 6 9 15 33
891 2 7 8 19 20 43 52 107 112 227 250 503 938
892 56 70 115 143 274 551
893 0 1 3 5 9 21
894 1 5 26 55 113 229
895 8 19 134 271 794
896 0 2 3 7 12 27
897 1
898 1 56 115 233
899 0 3 6 15 24 51 78 159 240 483
900 80 163
901 1 2 5 7 13 17 37 77
902 0 1 3 5 8 9 13 19 21 30 41 45 63 85 129 173 261 525
903
904
905 0 1 3 9
906 1 2 7 8 17 19 41 52 64 107 131 164 217 265 331 332 665 667 734 832
907
908 0 3 6 15
909 1 5 70 143 289 581
910 1 5 50 103 209 421
911 0 2 3 7 12 20 27 43 66 112 135 227 342 687
912 350 703
913 1 8 19 41
914 0 1 3 9 20 26 43 55 66 84 89 113 135 171 273 310 345 623 664 936
915 238 479
916 2 7
917 0 1 3 5 6 8 9 13 15 19 21 29 30 33 41 45 61 63 69 85 93 96 125 129 141 173 189 195 196 261 285 349 381 393 395 525 573 594 701 789 793
918 1 5 13 29 61 125 253 509 614
919
920 0 3
921 1 2 7 17
922 1
923 0 3 26 55 84 171
924 8 19
925 1 5
926 0 1 2 3 5 6 7 9 12 15 17 21 24 27 33 37 42 51 57 69 87 105 117 132 177 213 267 357 537
927
928 8 19 86 175 976
929 0 1 3 9
930 1
931 2 7
932 0 3 134 271 408 819
933 1 5 13 238 479 674 961
934 1 5 13 20 43 89 181 365
935 0 3 6 8 15 19 30 63 96 195
936 2 7
937 1 20 43 89
938 0 1 3 9
939 8 19 260 454 523 911
940 268 539
941 0 1 2 3 5 7 9 12 17 21 27 37 57 117
942 1 5
943 26 55
944 0 3 6 15
945 1
946 1 2 7 8 17 19 41 52 107 118 217 239 481 602
947 0 3 170 343 516
948 64 131
949 1 5 13 29
950 0 1 3 5 8 9 13 19 21 29 30 41 45 63 85 93 118 129 173 230 239 261 349 360 463 481 525 696 723 929 965
951 2 7 56 115 292 587
952 26 55
953 0 1 3 6 9 15 24 33 51 105
954 1 80 163 329
955 274 551
956 0 2 3 7 12 27 100 203 306 512 615 884
957 1 5 8 19 20 41 43 56 85 89 115 181 233 250 469 503 526 646
958 1 5
959 0 3
960 20 43
961 1 2 7 8 17 19 41 52 107 217
962 0 1 3 6 9 15 33
963 50 103
964
965 0 1 3 5 9 13 21 45 70 143 216 289 435 581 794 873
966 1 2 5 7 13 17 37 77
967 100 203
968 0 3 8 19 30 63
969 1 266 535
970 1
971 0 2 3 6 7 12 15 27 42 86 87 175 264 350 442 531 703 798 887
972 8 19 26 55 316 635
973 1 5 64 131 265 533
974 0 1 3 5 9 21
975
976 2 7
977 0 1 3 9 146 295 444 593 891
978 1
979 8 19
980 0 3 6 15 20 24 43 51 66 78 135 159 204 411 618 770
981 1 2 5 7 13 17 26 29 37 55 61 77 113 142 157 229 287 308 317 461 577 619 925
982 1 5 13 29 61 70 143 289 581 616
983 0 3 8 19 20 30 43 63 66 80 135 163 246 250 495 503 526 756 910
984
985 1 190 383 769
986 0 1 2 3 7 9 12 17 27 57
987 164 331
988 154 311
989 0 1 3 5 6 9 15 21 33 69 128 259 308 390 521 619 783 930
990 1 5 8 19 41 85 124 251 260 505 523
991 2 7
992 0 3 230 463 696
993 1
994 1 8 19 41
995 0 3
996 2 7
997 1 5 13 208 419 841 880
998 0 1 3 5 6 9 13 15 21 33 45 69 141
999
