37.39426139036317 43.882570518347606 34.60443576485751 82.43833678258343 59.13861681027633 49.54675194832771 53.87374479622895 72.93806386132867 33.64640366895936 41.063331146680376
53.23555875720852 99.29204124120494 39.55439018370666 98.1084620123912 0.49436697122634543 20.199433429002877 39.893822845185355 52.567328610592014 1.2234452883257196 48.640978658833625
40.18487423261696 53.52716821963421 74.1119471335961 83.50098576693115 61.90780447495547 36.44915761212452 28.51761452754414 60.49429357335204 49.61393759208325 74.38094267486453
24.047911774396308 73.95205999542337 62.352833404775716 83.20899404724759 40.32880596096972 36.7283112298578 57.479919254880805 78.47424813424578 17.07935937707746 69.77549149111438
38.440788691910036 42.27969204485601 29.948266575031536 77.65045300227105 62.537912347641615 20.209290480863096 37.30104986928323 36.67554466255621 52.90919158572565 74.22301724040798
54.495243208461766 29.68150663959685 40.21747268609086 40.51793781485078 69.69335427560816 40.622240958106126 42.556026398931756 82.92376652032748 26.844556029928697 77.1465911798991
81.68516074410155 54.45761419597907 42.77660758468561 79.2370658487396 57.06608595063277 33.138378643577234 38.88639676769212 75.61307765550094 30.998123743390806 63.00824185094445
35.735017041868325 64.11262816820914 32.34688067545075 80.20142621506008 81.18352761172008 62.17154304128412 15.302990858886586 54.90178557247061 59.62966980255231 61.09692253563695
55.932734347790344 39.29732734007137 23.557575507471196 66.86163283430362 35.74264052834235 40.9111475152829 41.28518693971268 70.36602130108098 69.18488117894907 52.90506547671534
47.709041639094835 52.12921286841341 55.87405948348617 40.3395528028683 49.33916398167878 52.05511026269038 53.524611955941666 44.82857721896022 53.805357650935896 45.57671763815002
